45
45
-2030151688
1144218486
1723229063
-554503616
197103749
1265184917
1693276095
-1889775361
1334966637
-762026554
2042177451
391458736
1127004112
-356292903
-92617109
1426330059
-420588819
1033518915
1602728773
-1063923386
1966353659
-426800023
1816318100
-1864344445
-126864071
1519863839
1853306368
769191528
924788547
1448163178
1951494638
192095439
-1357714521
266928525
-1926828486
1357945121
1151987128
-2144193725
268594211
-151068867
-1161463135
-831868344
652725126
-1266938211
-1159823940
