52
52
-676174562
-1640984241
-191350341
2058956324
-2031152371
126214444
-1685293135
204308872
-1749041046
1729355394
-410622945
1417902146
1335036700
-623007580
-1141819056
423597735
1462258523
1725457986
-63706977
-1590878304
-721716037
1877414943
-896674537
255386745
580399977
-1959261434
-298707879
-494354951
1674584499
1780510974
-614770238
1231618738
462811597
-1818162756
-955191348
610963097
-821725231
-1081927080
1761043380
2040606680
1479442439
1790137411
101566301
-2036626206
-1211646618
1013709689
-1310544524
-945104952
-1018979237
522107890
1591362516
-308157749
