60
60
-1004995128
1243734621
-70176726
1838705201
162405966
-1725174768
66982620
-1044863141
561262031
1608753721
934138918
-1813348073
883317550
-914738087
-1080746106
1955654963
1225218136
-643299853
1932767578
-708618414
1847892616
1421616000
-211002682
1068900610
1532418758
1794740901
2134826971
-492663028
-1876190544
-1350766169
-138472459
783267854
-1856261764
127408670
876009572
677595207
-1943067332
876133096
907469133
289025714
829346916
-422961824
-936090414
1299613525
1812509577
-44987952
-871360400
1664177882
781427563
965213987
-1127931735
-2003571874
-1439947979
866857438
2013583074
-1861880184
418603778
1189807697
74353037
-1873103651
