69
69
-485590365
301464073
266377866
1087944275
1318832287
-443928440
575840202
-224584669
1844493690
335550263
-929142219
1905549283
1808963386
-1280387941
815273678
542111699
1065406758
-1469188409
590581267
1386310774
-762295344
59446545
-327674455
1616425828
-1795002026
1122588936
1776867384
-1341332642
-1057760796
735847077
554928020
682857891
1257387132
-611632193
1197767964
-1338210175
-691963911
-794669372
208796775
313284398
1851039824
-1074490203
652639260
1770674904
440302617
-1025970670
-1538516704
-1138554631
-1943843251
428989415
-1149659145
-2023660816
-2063841199
1230506725
-226256797
1830243021
2122981427
-1277860187
1109057361
-810167956
-513521870
4843464
459987701
1173606852
-68778877
1551012211
-786840269
-621646464
1243019346
