79
79
-2207238
37619776
273956559
-138753274
-1360807206
1295174025
-1179298952
-328201015
-1507474451
-361775405
-1992342224
-100169401
1002769880
1797697955
-1795816657
-943615051
859723719
-424979233
554639616
-306376940
-1009902500
2060472500
-1905344872
51918518
1648134628
1622059194
-1165861462
-1959335167
-1384887861
-1761943466
1214462009
463111794
1283050321
-2023915168
-407966610
1878228708
-209713794
997910789
-2061594197
-1646962926
808641619
-89096467
-2133751073
687449178
-1977690815
827046559
1069722140
1418144963
648029919
-1620993244
909343078
-241278655
-1623445546
917730538
2034416844
-675497929
1894871327
511195627
-341802564
-1399018436
707471216
-944791538
-1247588461
793797409
-958922765
924240333
1093094772
-1448001229
-169155527
-248752873
-824610470
-870388547
-58191507
-1288965001
-1440871313
506234320
-1332744500
667416180
1407404189
