91
91
1937970757
1767659348
-2115412165
-660247707
-752058878
-1852028229
-1322944389
603189744
-655728771
-1283114590
891419536
287562339
1886441598
-665820918
1292843491
1456254583
-1986735320
141420806
-521017457
779297607
-151332039
-1170294094
1911319624
-862100884
2127684496
1421951331
659676792
-1128640442
1928058863
1504480031
-1639248726
-251239524
592205570
-1036485553
192428331
-1775377817
-1470951264
42535603
-142578706
1444255722
-667466673
-1667386475
53051056
-634365946
-2099370995
1007001921
-1415428260
-849812533
258875213
-1028901965
-1638234961
-326302894
1553816127
874045586
1398436127
-1906317111
-539372204
-222781859
130424824
1741107406
-1001518847
-1451864349
-564721464
-884534271
-1850934846
-1773478664
-1822923523
-1833460268
1205667937
-1077608091
1801012172
-853148508
4784759
722723616
-1986955181
-151896307
-334285005
421463740
-886782463
1400574585
-673278886
183058722
1631711029
716068602
1721634702
656646529
1406241317
2062457945
-1524965422
531662466
-1555906559
