104
104
-1104487313
-471446708
-450473280
407001687
-519633230
1702104397
56915063
-972373320
-2117521134
510040206
340046971
-1916675940
329810437
-957957700
664666218
1766048130
123217888
-780902857
-1586682844
671618907
-1669729943
-1909030123
-481614213
2076252456
1447648169
497848428
346045735
2049622497
562637061
-1425824560
-1333949444
7989657
1204475279
1232508186
-940104866
-113650466
633896089
1497867371
2004546036
1500042853
-453049461
1682913392
741907867
-1819613465
-314597898
1342901734
2138666909
963860293
1858928360
-1211256480
-1878589406
-302710542
-368456831
1701199944
-2135839514
-1598383983
1812144838
-1651198429
-1242503381
1048512220
-528789835
1075792408
1588622577
-1862800440
935719576
1168220338
82755940
1782755302
-1576514914
-1485384220
1158854806
2043070476
260395174
883663693
1175923310
1116081972
-674833826
-1040832834
1008003295
-1224844637
-1930296180
-964358920
-1315695268
2068687949
-693731413
475014329
-845131382
-579033225
-844262983
-860840455
-2078095561
1005136798
-524885681
-1582859920
-20956278
-49989225
1202609649
1973218396
1973985660
-130251017
-2011702873
-959726464
-1264001146
1880449972
