120
120
1855072204
87545967
816233627
-1748511220
560780581
171945994
-1749407655
1288704165
-614937291
-1949560506
1503023738
-844126475
1424851150
-1826976462
-1440201328
207823843
-1656659477
-1269126856
-864552719
-347609426
-429012803
689332386
322178543
-2004325874
-1211918845
-136136096
1981787212
1692621208
-1107876194
-128092409
320680428
17045862
-1763742620
-11986147
-1777882676
-1226202122
332218420
-1813456493
-1355268558
1967317586
1883062601
-1043193198
1152653862
1467343473
1677186515
1904335482
1758621216
1081708509
483926211
-94405337
-772699134
-419442027
1990983910
-1430736523
1020087880
-1863829452
-198415051
-505147130
-310886787
-523138223
1546568298
643967042
1025257200
86179113
-1759193642
-1178602850
-1816249432
-1572092549
-1274355343
1852725025
1351444116
1954700467
1715445042
-1795790556
1744978694
-1103449014
-122414687
1579839833
143221858
-1440935572
-1817825366
-76545267
2077852690
935161306
-772695629
-2059427407
129077948
-1544715503
1597049327
1991948950
-2083903305
1854006188
-1582706188
-1811876105
663292346
-1174092026
261222283
-738579908
532459478
1012362019
-1746300218
1708810365
1720783269
-336777009
-1457622696
-352726716
760092611
39441927
-1673495776
1190312598
-1417448067
1956541080
938787846
110323764
290248904
708254470
1137489674
-497882338
-1785420427
-1348121169
