138
138
-1066080614
-1629797032
-2064994399
-296645074
-594538973
-568062481
-454579855
1281413892
-1907877655
-238759618
-1167247361
297838965
1340621339
-1948864147
-2120359025
-965266513
-1485790687
724634426
-1670949115
-1888328399
1061469497
977609467
-886267237
484712810
-1642338495
966335971
-2117765682
770646176
1198756053
-1474114684
-1528658791
-884818157
-651112036
549913492
-264860699
1401035362
-937442337
-850748429
-1480152769
456466732
-1328249509
-1739703572
-306447925
1825077498
-430247593
-1312912966
-46418824
-32809381
1767860215
129403726
-244698252
-1243028656
-1035192622
1365908303
-1458528030
-1056165910
746354371
2123028834
-1163642166
1022732593
22967036
-1678113621
1961452113
419504712
-1653805728
448662418
895216169
-2110030898
-544746480
2019218377
1110005834
870864262
-1968554938
1813511822
421596897
830387769
-209406366
1404087597
1120505993
-1175597606
-1939845310
-946042423
537482168
224998891
-1289760042
735713370
2093275515
-384936929
343548914
706647033
-1984234651
1286259521
-1914585755
902814811
117679300
1090905684
-1841647541
1030829978
505703190
1452149242
633451423
947121211
-1577993797
-2022983655
-795076332
1340667756
178947307
50602427
-961430748
1956733837
-1457014807
1176355637
-1544603544
-1843461391
-1009266056
1080600203
-1088417750
2073006821
-556635762
1214113810
1349874744
-1154970896
-1932099769
1199595863
-1530403845
-1529209764
1019340316
88251967
-789650233
1202988533
1698636628
1416921199
-496276621
-306175984
-901086022
1482503405
1230424876
-457227058
