158
158
-452567665
835477511
609303942
-345212767
1902223042
1672979315
2135447507
987084559
-40681890
-1062739273
1520370104
576260022
-257940925
-125048373
650494204
990723983
-1370979816
264002044
300641955
-2061561226
1393882239
1851195666
794536251
1127168233
2047515531
-2133459276
-744384395
356953615
-904846226
1646877707
47896054
-356365828
-762540426
-220202586
420450159
-1595458509
1616375098
1918302109
-735955478
249965164
-1116890608
-457901064
490360423
1613428630
-1050900287
-1394017455
-1313654873
-1087146210
-1368280193
188377015
-2100233914
-972582799
980931094
292743637
218787855
34707136
-245444510
-477624237
1423534987
800971010
792705025
959275387
-856256293
53784127
88670536
1612602143
1643124423
1056080394
1969913722
-226988870
-832065770
590718286
-94938057
-294819883
1395994911
-1838028979
1877464625
1596416684
-328148576
-1955185946
978040614
-1204934383
692138957
1106308118
1276753161
-281520241
1165361068
1573071296
592917122
844137681
-88430177
-111351888
2002195097
1675173189
2025858882
1399217373
-2080009299
-1048587013
-379105929
-796089874
1042441642
-522464301
82965438
-1550109697
1447653242
2055208919
1137866953
73686948
-1984038980
-184743451
-988382129
1435949101
250815667
-890953583
-1293753824
-2034303189
-603453568
1805479241
-951815559
-1231642573
1981589139
619167673
603564953
-223468319
-53953697
-1395586193
1561303187
-2002352865
1146361676
-1621648446
-646659738
-756844633
1188815858
1793466864
1396869194
-1559124283
-1349569917
-655425146
-1397847988
1347743073
652250759
1590001412
-1281701604
699326524
-1439594545
1418245312
366271525
1332619130
676882339
-556895734
1350645470
880503903
-709917379
-235247472
-13541793
-1168056483
-513741445
772819972
