181
181
-1611089865
-1120560562
295195087
496355323
-1027795844
929456893
678457977
2080600088
406668578
-320237078
521172984
-829288855
-233220464
-771481266
1119940541
-1356598256
1439513968
1872898140
134701090
1927295013
-1303900730
782583497
626173849
1058001115
-807989436
1219478670
-659449048
1965789921
-2051194149
-1206162964
1974507540
-1794465014
-985322091
-1103670352
-1055785764
537482799
1487142049
-690468936
-1293894296
-1542915245
1508005551
1459310005
-476346750
1066937353
-2073006466
-1443721167
-768990075
-1415233774
-1873794382
-1852782125
-315219629
152224073
1226405610
-364395806
-1499804276
1671436483
-355855854
-260922617
305146108
2115417650
-342659595
-1739777194
-1653121452
533624969
32404501
849652879
853984796
-1214109979
1113998270
-715027040
-1258380056
-694737749
1309162840
349763182
-1171318583
1124713453
-92737795
-776809772
371911174
1449253393
-1265453493
-1018617365
1053438732
23689908
1198271354
134710667
1700467618
1620704459
686926256
951436818
275637088
-934171125
69109907
419450467
-1324509343
-752428918
-728245472
591258673
-1607708873
1488125606
-2127312966
2007113853
-518570721
-2089062107
-938095226
-1946129316
591682933
524985246
1622772469
-1053063682
-1409306263
-257957098
734714273
1790562795
-425398029
-1743695123
-415018147
183958670
1668147204
2077643771
1144165511
-2100318217
-2001931523
477018613
471322527
-1481874980
1540247140
1774023445
1661503005
1669103072
-1242419756
1513326074
-347506050
-389844969
1318899253
-2012050996
196882335
688739273
353957677
-1348731741
1037338959
624511606
-637755434
-160097239
653222430
-1453080806
-989418831
786244733
-1524880773
-501540430
730328281
986585434
502850813
170764030
804844667
436108664
-933161984
1342683271
-142523771
2084346929
480603252
1535459555
-45356131
1040337256
1007378929
1904898103
416339028
2041199526
-2068783091
-1242884868
-1694958437
-1298242427
-874396430
643876102
-1720217995
-1821840559
-743313110
-2033446206
790143982
705146347
-1970798404
