208
208
134042303
1851914315
159149040
-646839939
721794415
-1057949566
714211355
702462623
2077866285
-456857876
1651592167
569072013
-1290127231
274400824
1109834104
958306299
-1603692381
-1704067166
-924616773
-479744200
-1324950467
-511117211
-2116823861
-423056186
-1044341131
-575534482
269900438
-1770456021
1005468202
2054624337
1442156992
-842647031
-750935684
2095256704
-96432441
-1698257812
-368531054
-1366195271
498904423
642890851
63753879
1618502336
1298996799
-253170479
1569502212
475590478
-1156371789
1820543620
-493689564
-967691191
1041519380
516735366
629250517
806349108
-1306416386
798639027
-1307343989
-1748806424
-1194452991
-916861813
531490458
364586884
1442272899
1180585545
2015658931
524976033
515893476
1800723508
1024726447
67014346
-300526365
372352564
289433483
1445302570
447238976
-692545113
-2035333453
815860871
-1226386015
-206652555
235525507
489196143
1319765689
-620851359
-2073951734
1321288112
491956390
-454352734
1779574032
-142449908
-1120373350
-2146271310
-1270280870
-1375404755
-1676974403
918145381
993327915
1230613462
-104331950
-1024849092
-1796976626
-246577573
792537624
1736874234
1360721619
-1351941805
1612959474
-1510299784
-523778090
-625297525
1773131465
-475709259
1555393926
-1072476612
-880087119
-1257773775
-20542171
-637081472
-728173750
-265458054
-1614465076
1768939010
-1997051544
-788265210
1439295410
-511334155
1772097782
-356627645
1421774253
729694023
-1976528105
905766892
667316983
-2058401003
-1529363315
-1245492834
-140774603
-1603930527
831199582
844050859
-746499403
-1889321471
-491966796
-1038859220
1483879671
542506970
1752731396
-208018596
-518555794
46872654
2081428595
-1475679196
-388533113
-778034446
357076340
590096369
158921450
-16174460
1498777525
-1419278387
91178239
553391131
1857905979
-924353363
2102025395
341455264
-2104025141
-694222585
355325819
1897686908
508976780
282077096
199116440
1620566418
-1970224663
-1821621309
941897629
-872459408
-1670280772
482737740
1865990446
1002635200
-1891698264
-943788922
-404252663
-2086321404
-1280892986
18840539
-296816566
1384158594
-239083133
-2023667989
1541779178
-82364292
-1560251705
1747003366
-1158369400
-871103836
-717710502
1542429726
-1137171860
1139212238
-387158397
495668439
-315996473
-2137008153
-356427535
-33894047
