239
239
768148799
-678219483
1528015071
-256377240
-1044631893
1404535167
244970610
460347018
-1965399269
2004419423
-781319579
-251432918
-832117478
2123088278
-1054271257
1889625219
725802294
691924624
1429984963
91790336
837865920
-197395768
-1803027775
176393161
2012305103
1490755197
1992605004
1174157473
1659648651
303450789
1033674836
33854190
629780903
1689564450
654170485
1232076825
605243439
2094036019
369408600
1636541720
-634611069
996597037
880393049
-779598264
1366301346
1661180521
-2108486550
788648063
-1296276053
1043508352
1430507574
-632430751
-1379734111
1551157941
-564042359
-973351694
-1808729234
1312085682
2039046894
411457133
-1814541014
-990619785
1203316889
-958447021
1976358044
-976212081
-47043449
1601991622
1942051328
-1059192188
-598448925
-518199529
-649787638
586546580
818574507
1004737436
1344282155
277084068
-902201709
-1478848825
1982751250
1379277940
-1671380439
1322011763
66711925
1997444883
-625776839
1906708609
-1237214448
-574558315
1362697074
-1729174109
-171840019
-1063579644
-98015671
-49566345
4753894
-1094376300
-1720199396
-206299689
9270376
1654835993
-1680772709
891928431
-137988743
852706749
1462107235
1791476111
-928726789
1224058093
-1093397013
-90458303
-944934863
-1036968813
1848718243
103059870
1692503938
-1596917622
-931074214
1180068701
1186120829
-1756961714
-1488369953
-640222804
1116590109
1524464115
1572385259
1431287362
1142190413
1653623896
-1816317379
-571468108
1840540589
-1407328100
-474365433
-854891256
-1813924202
1237011151
481936520
644025735
-199878564
219701740
1457020153
-228100649
-2112310830
-874594553
-1836331091
-1882803896
-315343342
365231042
-1276948109
490841709
741018237
401794053
1120397630
-617252369
-836506880
470453997
1194805256
-1932504419
-524570983
234197764
-696665358
-2134521146
337303577
-1445672525
-758998097
-1580686646
229089067
107238900
-71507165
894732526
-51872364
-1223892405
-1568947642
1286343280
1957416123
-2030679562
677471566
1033634267
-120768660
318710115
1426867469
802625180
1463419864
1052758497
-1786926441
768680404
-1117685280
-1879622502
1420970279
-1909748625
172943762
-14018367
-300936638
-1572799884
1702827507
1394442503
-1164269539
-1603283042
-346355714
-362257326
-1928195525
-760702676
-698446355
568249776
-1657431974
1421723893
-7279946
-1152043127
-1851857009
-1623118402
-1235584552
-1519821292
-1740118609
-862280497
-1624618154
-572439284
-2112891151
-608534333
-1643447293
1678271650
-1279608367
663912864
1853246976
176042421
-1322255050
698202663
-794081917
-1620544193
-1402211114
1232139884
-1899835943
976168722
451522521
-1462601816
-1258607955
1578024901
142677436
