275
275
1416698189
1634908554
338245096
-133206664
574632794
2081343390
-1517479298
1325314786
-2130784784
1876131776
1764591788
-618504619
365296165
-541182797
1379720365
816218765
-706517992
176393132
-335059448
-1036491563
1107456581
-1498985711
143296773
1851650917
83330586
-75771517
433587036
744734212
-777637430
-1477215970
1931233328
-811641611
1504999264
906914559
807020347
-348245488
1464493334
1565763334
1616720713
-1984458706
943629031
-932428836
562535402
460969162
637912418
-1377555657
1496804962
248672228
616790464
1921242716
-1236635164
1771656744
1647959864
-2132095259
-100199681
1511487824
-1404788334
776665028
1730417240
-1976442171
1532143866
-744430969
-1374688615
1952011404
-785747178
-1513769764
242491817
-1755802528
1551001946
-2122620328
1828714781
454673690
-818427750
190594675
1028207085
-685936039
658763232
-1432147241
-1052190870
702820958
599334015
156362201
-572177041
1228276279
-1184034456
-1467007673
-1386619433
-1539260385
-938936389
-2056312476
-799006418
1010395172
-765750623
-856484816
-49996118
79820554
1975758936
-969879317
1498509147
353376111
-328844657
-1150089252
798568609
-1007747793
-1656457229
521017934
-1918062113
1702433545
24924937
181453530
1853475181
-536060286
1883617854
-1448610324
1647903954
1757855241
-2132972229
-25049473
-213833677
-1929026213
62835582
-1175235798
-1471237883
3488808
1351841830
-1780351136
-676048887
435684086
358147853
-1414497037
214208122
1383883334
-1834408165
-495687206
-1995173249
-2010822668
1914011097
1606518323
557266662
1149187811
727099460
-1830566262
-7017965
1162374361
1426052323
1077003867
-1827403722
456852134
-1298224357
-457875755
1778885819
-107582836
1443099586
-369072672
-149817594
-1185419046
-1860847887
-1159734943
888987232
1609048793
-1438325987
-1409287492
-83742421
352141292
-2066886296
1807228570
871189341
-1395582734
-2004075723
-497208084
1663209515
-1261764114
-1331661575
-186233554
976278276
530889194
2108490328
-694248720
-212083776
1025207575
-1521428624
-1470841199
-1597081063
-156486343
1576262511
875517518
1209392217
1491975233
-1992261525
290134906
225385813
638510395
1241416817
1372000270
-1383383655
-1810063510
-1599066146
-987266972
1308425188
-550549584
-292248339
-2009014977
935805142
247610419
-37284719
258454030
1136267751
746489406
-1067717499
-1884079247
-1195950181
1273740900
215634592
-319528452
-1479064845
-1542942998
1971421549
1675304250
-1258684890
-1073842074
112122363
-1763671309
-355052399
2033892515
1756544752
-2127821134
592891371
762352583
263163108
-250696319
-1891583812
78057399
-503364629
1679243766
-1777958897
1354191290
-263080333
-1922132877
662513766
784725596
2071875920
341570472
1748510701
-695411820
-534654699
-1731950244
-1915875853
150512937
-120489819
779269997
-1384403563
435135312
-768434935
-231927531
79871931
1179516826
-237069693
1298508910
-335794104
-1317186548
250119906
-489781193
-1381660019
869011599
-1571080937
-274200104
498350334
1712018058
-1403298296
1735055267
699436071
1178604237
151192227
-239168676
268811488
