316
316
-962671184
-1547150538
-1044170501
1242783167
1373047163
1116989438
-2117392977
-60821555
807821064
-674334979
335547174
1779666557
100722855
-1243008240
-11709685
534570713
-912835775
1550782528
479114960
1842474494
1449151935
936388952
-1834348628
721488586
-1487932756
-1223892298
-987258137
1736353491
264816664
-965745050
1749839445
-1643750758
48415168
-1713156756
468597023
-1811535616
-158486165
-581006752
1668377800
-1990361608
917074326
-743446208
2044525167
-1216289667
1906546259
-1396852607
-856633263
-1253136442
-154875795
-913805465
233808786
-521153608
-195678512
-1359452778
-90893764
-421246820
325683751
-703139865
-1061330553
1141888529
244639430
838596223
735337562
-745959100
-358807349
1454790686
1752503826
659413597
1243084415
1778822836
-520317567
1476838716
-1849473791
69814585
-1855083464
-618276508
-1059058907
-1922732355
-1037795831
-1295688393
-1449091431
1910849214
-1279492921
1333174371
-1479377079
1236976313
-1015817137
-729417316
-1045359356
875300099
-1971076404
580152203
-562814113
-1666629416
-1802192587
1441932549
704059353
980254644
1709907994
-182169472
-217803201
-1157941279
-1856000864
1135863490
346285906
1621868625
-1124847158
1695185114
-260297306
983674285
1511340537
-1107483308
-214203188
400256173
-123915083
1358245031
-1171362125
623160746
-239715155
1537792242
219558731
1249539440
1845737980
-313611033
-1357703574
-245438631
-1051892563
1549798919
1734445043
1339497622
-1049007231
-1029710321
-856182220
-1533109041
658227951
-127092814
956500624
-708752401
2025644139
-458374521
-1843672995
-2071600840
1239049707
-2010885564
1325295119
631258013
1455980966
-1864645332
1777963157
-733730992
-1123875298
-803973690
-129947389
254175384
938049120
-375598129
-2009252752
285417448
710001290
2052749424
1240864289
270392109
-1995386738
-1275246157
-1288908826
44099687
-1808667340
-1462582989
-809368380
101105019
563106149
-745559533
-1526560301
-1089369786
-66590811
-1761252816
93081961
-746438155
984997345
-1069143398
1509678200
1879164051
738856810
1979618111
1253367348
-389817885
2096532289
1493372393
-685836808
1133851759
630897300
125420649
1490658154
-1954366496
-1633948792
1156173332
-1275537188
1918482832
1026901049
17514606
-1433546763
270907997
-601529858
-1933895899
-136969072
-1379255872
1027614961
-349100224
-1465615901
-215782883
-1496348754
885363096
-1455968796
-1678070181
22426457
58091654
-420421913
-422537033
1106485222
1731558621
-997750901
1044873941
-606553964
-1542355430
866006231
1998000920
-1406067527
768416218
759962271
1109541682
-1076042555
-693557620
-1098839508
-640762882
496186240
-783293082
-1822445797
1146460812
-1715071082
52983708
671364741
-541920643
-1742438059
-1272274225
871089248
5939601
2032095412
516776131
-644654300
-1087485826
-2069708906
-450742699
-735372879
1050246403
780512336
1524270507
-1549470865
-1619621573
423921768
-1240248404
1379157686
363809846
-927600737
362223795
1069938032
1605570501
1422076722
1510794366
-1370561539
-1139578987
-334551717
-1148813972
-11992490
321351038
-1407545059
-313558297
2106934132
-1196036323
1478249025
1510062878
-1585764622
278683807
632369563
1358644215
1290057969
-1166956321
251070865
-543375548
109063227
1082202803
-2133190947
-210303436
-1721863510
-1083494525
2056620433
1778479115
909670346
-1971398886
887288411
-170272747
-1443176003
2125951168
-1672132598
-1943367976
-53314465
-528957048
-2027929263
501328520
-1007570263
937655269
-883620151
724069055
820623962
1781673091
-1280736964
-1421827219
