363
363
-369601069
624402516
-965752800
1792631564
-1856679870
-1038805016
683111520
1984645144
-1801906173
-825238527
-420816030
658520510
185080642
148047718
550925893
-1252952109
-1742419228
1709414903
287897962
-1570621945
564422567
-757454591
2086592566
1697396313
-1157563001
550944979
-1728810731
1641486029
665137507
-1747399791
-1763344959
-1731574179
1431618784
1240338759
-1355652157
-1300966100
-314641267
1506354496
-107605703
-490367999
-1319758776
1405146264
386994650
-339659022
-1889923617
-1371575792
933881911
-1555337377
-910580231
-809379039
-788318397
1477652770
440970039
838087251
-160661483
1138857732
1913090965
-1803957554
572159979
-1718740366
-971355114
-1278922447
511720050
1372721776
-355090784
-1169375838
-560800701
2137042380
-1397829084
296106789
2018845105
-146285417
1647094017
1457860657
648109505
-2114855727
-68476502
-683893632
-2113684103
-1973002653
-426484347
144588838
-724073635
-2015006127
-793685482
723435493
553514806
-924468945
-510670756
1955019455
-1246884331
690128084
427716219
2096243915
-297267561
-570564275
1149624218
-757433524
1074312553
1615182100
433047054
-1277057537
1076600334
2141882498
828079031
-2029938253
-289082401
2116637825
1773259946
1378226207
-1063866541
1200740485
239058960
-1988040465
-1952062592
1047338940
-1759868083
530253855
1402527713
-350749309
-1569909916
459556236
-1271977383
254286108
-521035623
1922712008
1303418232
493453470
266381399
-737725395
-1589577988
-114428116
-572010156
462882356
2111455897
-1249480087
1011521010
-1689104377
-1031336708
429030186
1132472552
1295256148
1536408333
697853293
-2118615007
-1949824669
252502388
1213502346
1810672099
-1748134550
-1119512481
-1877133144
1304219700
150647840
76072833
1532710514
-1415541128
884078479
-674976163
514896393
-1407943330
-1874467282
791686339
1882102843
28973309
1786925102
-337801317
-1921062667
-1743952583
-354081260
-1138301472
-904535562
816182379
-915037049
-216260113
-576094011
1445934145
1908533610
148605698
495344613
-694278943
1534608941
-784252170
-1071008954
99147348
76735328
1508041812
-1794420739
-1343846366
-1453225592
202931342
1106848567
289711928
791061302
-467376504
1997672555
-957815278
-1548104620
-811611814
1904979662
518306581
-1192000830
459915092
390319628
-124612292
315280417
280193345
1759746612
-1328916745
-2075728659
-912035344
-1453901069
-577398961
787762385
-189807121
-2033505788
-1465286323
867025974
-898333799
-1635517209
-613449316
1736380188
1086023507
-1459841584
-2134158739
-2056220371
1725380626
1912729570
-631790182
728241935
2007693343
-398263652
650169614
-1237556999
887938590
742275219
-545847965
-1126284664
2041666124
-1361177247
191383244
-2058130477
273329159
1873815261
-1794392012
-1251201092
-313668717
11718027
705126567
-1512121463
928361498
-1787303850
-1671818511
-435653710
1965693428
1947373436
2122026884
-2110002692
-629163735
993069769
1603070110
-1417273146
-1160058829
-1457293561
-1597819733
928927650
1920436999
-1499279692
-68683033
-1524654809
-1565261226
87247349
39929415
-1750990332
43897616
-1892136501
-957513063
-132789928
-1859993047
377438851
-1738700823
-710524351
89221278
812276083
-480675801
-258115918
-2042592326
1278912994
-1830595834
822868874
535070101
59073863
1427399718
-577425951
-124835363
-1646378314
566292340
-1607372380
-464710952
578089367
92258257
2042447203
-1005473112
1409975192
726236145
-79347863
-689830703
545194468
868083077
309086221
926079992
1686544788
1230726812
-1639275193
-1497905171
421088102
-556297914
-520508539
1126946795
-1171887444
1452111226
-790026305
124632350
-800966778
-773787335
-1185360184
433918308
1352724563
1405378290
-2078179865
-478230953
50837092
478168616
1168013478
256573579
1134690802
1957884497
524406761
-1368988908
1915085138
-327674879
-2090193343
1764822858
-811567258
-1341730745
649282946
1982848207
-1008243370
-283712937
493779346
-480473647
-901559424
1178841961
-2139429757
-197721204
363982252
-1683059489
-2003761180
331462418
1197442692
1351567533
-74989740
1161689678
