416
416
-119019966
175449077
-2124593065
-2055420603
-153552726
-1896900624
-2010614932
555258783
-1576358341
1165057301
-1547480482
1446057574
1190118561
1539177587
1094842330
1653194252
1145447021
1398051682
1549605953
1568170162
2110044679
-531583654
-14566465
1881243815
-288348190
-1771808734
1605632412
1783887662
-870416398
1696388652
-1375398702
-1624373372
-993657253
2077594431
692099550
-288219616
-759591062
-573358250
196083162
-99499972
326197960
-499436600
-1054941493
-2040959084
850197996
-1606842712
-1062394568
-342849939
-1642102319
267022446
749773563
525094872
-2001856535
-1967003690
51465050
820371511
1911798352
-1938384889
2074630233
888566272
-1573074108
-1104964360
299626825
481708736
-1218433067
-1297714673
1479943844
1928752227
-754785832
1937088266
-514894052
-1523738959
1110322465
1518677794
1582387697
1335188763
267389936
1720610413
1104792194
-270773064
339760811
-1921980029
1129836839
-1497457015
-589514035
-1029059740
-1536539331
237392388
-1569149666
-800541287
75428993
596216784
683526948
2107078296
1615485857
1700013260
1852596185
840712812
-406029296
1384600917
-340590691
-1812704875
131562265
-845559608
1926197101
-134280660
412515895
-1958288059
-1183167659
-1490020533
-357205853
-878425162
-205381597
1893798571
230669869
2076234767
-2112754595
341943437
1565814607
1753254359
2137668724
915357150
-1255337346
77425894
1771263544
-1188310891
-1092358461
334297711
1317152655
-482530721
-1792214134
1099350592
-141497247
1110758782
-2146600518
-1385657272
-1077428266
221946862
-1312060923
217633369
-578777917
217204937
-1643096960
1217434159
1551176033
750167019
156013942
188857265
989653567
1556849625
521708408
-2120237194
-1356015495
-374218274
-398048584
1285816714
-1779976406
-506110858
501995927
1059075185
973394974
847442928
722852475
-489889685
-1279877172
1436978510
-599492890
-1910334727
60287106
1703804783
-1079447613
1511043744
544543970
1091251823
611784451
-561229076
-2041966196
-888014514
1607784040
-484481865
2001004060
-745218609
-63254624
1162784426
1210590550
-1775405406
-1984534123
505608708
1869065376
340539332
1269751555
-1835450470
84764336
-1501754074
819208778
-461758178
1209730437
-1727742068
-1527272827
-94817629
536405914
1307919288
2147253722
578869344
1825676377
1612011463
-905114349
-979911501
62700493
1893339866
1226486893
-820436375
311625116
1584876280
-409733712
59348796
913374003
1878390066
1836826495
1390791324
512518466
-762452985
-1126345231
2036436146
643077227
1869776906
-1640124321
1030306209
-585368267
1914214081
308568191
540546318
570814278
-1225475120
1373853361
-92644894
-270446639
403814487
-244967527
1486488142
-2126684339
434017431
-1320798483
1455524879
1620861543
-1384396837
141306767
-1685046030
-1099733448
-1864861035
-1956589346
103787418
-169503814
-1503705402
-1981470392
-650997631
622642808
1879317155
346764835
195109692
-1106748796
-1837424267
-1692141379
-451442686
-1016699474
-277162304
1409544369
-719384210
1133170674
-278288473
459320188
1228102275
-2120548559
234473102
-1537263281
477134065
103549476
-1606675199
596941605
-1745361002
-1667455347
803030995
-1615430120
535664967
-1570552146
751741322
558618608
-557333553
1142692351
1053695738
485636349
-1815667913
-2002131686
827806255
-674896090
705582407
-931666694
2025990032
-1480059327
-1070359219
1159344484
888201536
-469773916
613351452
-1754443100
-1892510521
-20485381
-1657465769
523042428
1948571377
-1719565733
-1145216273
1107636313
833208822
-1324483689
1625838569
1218449608
179681754
789083346
1529914212
-379166681
-1593142506
-362868139
-510614822
-372287329
1311506296
996783010
-1048327515
-1149748399
1932748103
-644422199
1624334277
420150479
417825962
1950689017
-1456131616
-1686190899
1088327497
-491499687
-775441015
833893655
1001887284
2036609816
-2141782332
-1373983802
-1847430653
-84749886
1878417353
254473390
1245415743
954050261
841134088
1129782810
-30205696
581889940
-1992982675
1725326523
2089673687
559479322
-1782466075
-2068878628
608660205
-301018703
-1323794657
-606982438
1862014316
-385164188
1843212951
1614181587
-943461859
1923694034
813434831
1846187933
516734801
692392772
80121567
1699345658
629998853
-1113268990
1747846448
-1781438199
-1588163264
1874045154
1498115716
-1434743554
1285748416
722063905
165788216
-1271550699
-1192649259
-1348375947
-2138670899
1603905987
359217035
-1807769502
2128733604
2141730862
-1722975474
786282188
1497319688
1644312031
591101258
1357996493
-1875708302
-1145633866
-472538415
589143240
-307533049
78191646
913460226
1926385086
1746358372
-639018880
558800742
905071071
-392009826
