478
478
1081907708
-147253667
2046594916
1361551492
419875158
-968511495
246335643
1402396966
-1391369682
1272442409
-52138941
728842651
1465056628
476905754
-757657831
1793507325
-188707047
1062388953
1679407794
1816965304
327699210
1109292348
1190288779
-1235980540
-224303783
2004892674
-414078882
-1579282001
127607229
-817955527
-623186762
-1145362401
1275651644
1006241247
1853018309
-546192489
1603290406
-1794866996
1977937013
-1840230215
578368069
428398030
-694312004
740754763
-839919791
1549817621
1215746612
1426318909
1848294313
1072554193
1617632234
161130986
-1499516096
2098220825
1106048885
-221119842
-1399240491
-768872946
-1176779446
1820581208
-1205102746
-1516746688
182618191
605503696
-776026394
-2085488816
733025197
225769659
-758144979
849763029
-1925594646
1547348300
-706352081
118053251
-282392266
-869112066
-876768656
44273802
612204804
1732120208
-851531081
82416955
-1771819812
-61761199
1383626241
-931975951
-1971969937
50852253
832467640
-1932288210
-1094332181
-703460441
491126820
2124580356
1963698064
746079863
-367639263
848740533
-95508093
-224241354
-922530286
-1031050083
-1546696478
144330921
-1488415211
1449199696
-106581224
-1354538757
1206284152
-1926552321
-859426703
1250267070
1588133738
1732069919
-2043451152
-1896121805
-503922443
-173019317
1901044320
-1228948535
168805163
1243656297
-927249496
919320803
-1723459937
1744773132
624978275
-315502114
1414209047
1911151641
-1372604496
1821983314
993310335
-4863828
999134533
-217960297
-2036831713
-1628203716
-105247798
-1791184502
-2025184496
-2040139780
488671588
233161872
-567340820
-1357051004
-1204740209
-1972794406
-1687374396
-367895888
-944874704
1656374506
1816612438
1634313928
1450707434
1163904342
1149372799
-550837279
330072239
1903919052
-968441106
1922721666
-1853933670
-946252459
-373148390
-947165815
1773981436
-119163171
385668725
40032079
-740175436
-555361550
-2008558111
-432066294
-2127902524
72813516
-1793529245
-1021605517
1515811872
-559525491
-1683559914
1577785256
-1705755449
-423494455
-29074335
269757266
-1518193641
739956039
-543917204
1996489482
1763128413
-1379733239
2039109839
-1461246728
1420359339
-2014021751
-1914103412
764943805
-1935724050
673895749
787971391
2054211986
-2103568577
1402807165
461907091
471894961
53198713
-208615365
-174372104
-1874061325
583425547
-1394109805
2113267602
1701950138
-2119545586
616355628
-1269470860
66521872
-1444657511
521752830
-1297710323
1714950928
-130195628
117295708
1964554466
-2130675068
-2091674037
-729755083
-1739610243
-1739608113
-703918588
515637654
-1248971612
-1075737843
1890665170
-1475766926
700915662
1106511736
-806563221
333144229
859940306
728018701
-148264776
847272502
-784847903
1086757998
114992620
1757301724
1287792054
-1094961398
1793528280
-210148157
-642143477
2129530234
1814786172
-352602993
341864526
212496942
-27620384
34263713
-57731436
1724890696
721733413
-1692781160
1551173326
1247633095
2019102422
1171062554
-1499575238
-131723288
-1349256573
1625440211
1482170907
719317704
-649661552
349370301
-639358805
-143316659
-1645578934
1108956834
-394955440
1380107335
1154202170
931987678
2113008142
253775825
-1416140098
-105358231
1260765245
702462461
-87547692
-1077466604
-1984064901
-1616785489
-665266887
-1108414701
-1221053981
-380458039
126388658
-734661957
-1337023874
1789359240
-209861464
-1148857205
1482005241
-1172370643
-1737641478
-1908212112
554845080
991269343
-1261175538
1299347268
1084715114
-167711793
-1887061975
1275845016
2078263998
707959709
-247798528
1068331698
644652501
-1569807366
97481359
1690619352
1341668056
679300749
-1674197976
2090741711
795224076
1977089306
-383642162
32622238
1552584515
-17864479
1494700483
1554878871
-1622827115
-443812796
-940364961
-64535145
1351013968
330232491
1470141218
1876013452
-108567764
-177861973
712300557
-29006025
-154526781
-613411227
422382125
19180594
174240319
-995809748
-1916374409
-564201676
-1829952684
118065514
-2067385381
-992445036
1438224240
495845827
858876306
264148235
-1304431823
721257594
1639470779
421129661
-1640860905
-1615122924
2058124069
1304160378
-608424326
-721859526
-377314962
45387072
-1847210562
2000462307
1830763084
592635396
1492664260
-1047705166
-1556309718
-1769356879
759782051
-186066276
1881138678
-1079041167
-916106345
715109069
600496185
-785587670
272843321
-964588340
-635072665
-1675805622
1348608752
-178535716
-1619190664
-164207673
-728822617
-7478107
1130926263
-736868767
-169046592
-593525996
1928308185
1897928234
1876845639
-1643358594
-51686576
-1270262201
1090258282
-1825955061
-364256031
-641961992
-815814616
-1201799343
207971955
-234941483
701417289
1057808703
-1758168790
781904729
630476429
202216764
1762321844
805527204
1102309160
-1642036337
1998618594
-1880395140
-694085780
928245760
-93704326
-217251180
1427909064
-1719574593
79311435
-978133999
-1971187984
-2122583675
131722112
-345277367
-604262563
206828537
278975545
-1537050675
-1345560584
-1199016364
1546740055
-2042966615
1137077777
139726663
-423759209
-215700759
-1528301930
1421686299
1589976802
210592351
2106686592
-252671462
-690621982
-814703452
-789908848
-991056851
-941494568
859702363
1109601339
1542819526
-1339298644
-1447628100
813754850
-2135728129
1681923909
-497295280
754709573
-989367805
