549
549
559079962
-549872135
1049099065
1072547245
-1876355063
660773429
648162201
-948954258
914764903
-1520388445
-1420971910
-2127712653
-1337376425
-1179618875
-1782934623
-1073676794
1646491487
1931372806
144027961
1525565747
-211273160
887912191
1974973120
1863033007
-1809871132
1429467637
1809073474
1841148661
360800006
827248294
-1054212406
1890760370
-426697363
-1570133179
189179668
-1346955421
-1309237263
-1375926591
-1795500153
672516155
1319780994
1426860109
97724001
-1276092087
-271079555
-705922276
287068468
135883482
-1833195199
-415210900
-656729456
45972251
-126398206
66898374
1115148033
-87160317
2132469468
-268372605
-2107071173
300621679
-1245090005
255612818
1361407379
112672654
-184145639
-422155145
-245218127
1850947966
-884809097
1418257558
-986301052
930462775
-136366895
1687985585
816723573
-1301490264
-1724514372
-1493290834
-207925794
1033224223
1314370673
-270067811
-1385190979
-138829331
1608861343
1290055674
-1946974556
797188937
-1503078788
-472474322
331858420
-1959592332
1153853468
1930579803
-817212598
1407970846
1815100422
1215410776
-2134611656
-820470264
296721668
217008378
789650743
-469859863
-1391708358
-2083374955
862384860
1589819029
48843898
-342816574
-220359094
1114132828
1905351126
-1548084383
2045545960
-1151745616
-564264330
-224583455
179753810
972302602
-231517270
-1621029698
1405257620
43371789
-614287806
-1243197877
1660630677
1964967914
-340057827
1502433713
600858065
1927764742
-1747885825
1995803959
-433509814
-2044819494
568625576
1531551427
-637427264
-894708965
1953489953
1844526496
-669734113
-2061773286
-809701800
935986304
775531064
-498105748
937246703
-2053875771
1565762227
-2136654899
1587374160
1246882811
-501541308
998190145
-998303228
908570793
-789900771
-1164429700
1037711173
120398665
-2108874845
-1580520829
53056465
-139506029
25627747
-234479470
511803392
1762523649
-886522553
1667112512
-512003816
-675426929
-1899527932
-925537824
667114208
476212675
-1476946474
447295530
1747488370
463459308
1718343279
-1440653285
-237161899
-361601362
-1087454676
2082988313
2058135499
2077333181
-798534518
1956284249
916615526
-1906768921
-1588633641
496855685
-954175775
1911582296
-1876402388
-1838579048
805077548
-1909786599
-78187622
-1234325748
-903155256
1184529113
1620869282
374770743
-1912857515
-354683408
-1595302934
-353125646
-1874243224
149837984
2008761390
-331907461
-950672478
2041916573
-576711820
1324864668
182896637
1570563279
-845029245
686189580
1214535273
-2106665899
1076069269
-307815148
1694433175
532615629
-1702251957
205703285
-1375138797
-851522862
-50256160
1336852616
-1069238120
568445893
-568097119
1442783399
-888716385
-1536278576
442481564
-1436764469
688308280
-101061336
-903760489
608002934
-1347304931
1833464209
-788478396
-1662512173
1548564228
-1489878233
-1728377679
-1321485797
1292239157
1685354842
-231234555
-1555896263
820586331
214278713
-1322219159
-342626128
-1785811554
-1173608460
-1379898045
806859196
292580336
-1319695717
-190848087
315584183
799503782
-1040059860
-979326956
836000702
-94378421
-294003509
-1028855725
944881556
-436459599
765979987
427543235
-1595617339
-589429432
-1067704819
-2092194883
-1025791218
73212082
1265228734
1980075598
-1753278980
467114902
-1312502554
-2009768915
-651633198
-1203565901
437012807
-1065611031
1570964911
376505912
-187152989
-1328391070
-429252112
1570499411
-1794983990
-380385159
-969964078
1476764424
-1789610285
-2069721589
1100883804
1505460803
-5317719
-1937816294
875519355
321885999
-717707831
1731126349
1594547310
-947324984
496691273
-922958950
-1581280156
43115951
822444827
533567041
-648456606
-1052517572
906030227
-1533833221
204563306
-1486957095
1024479014
784542067
236341721
-2055573107
2033270643
1139488757
-1152797424
584362455
-1986900345
1351240804
-6745257
235623357
-559285156
1516670321
-205507075
-1792367325
-9711965
525107465
-1399631933
-246653600
-621703229
2020374799
-950012551
27812622
-1278543328
-103442613
332072169
-1901008095
1552307104
1242078369
-546597388
887192890
86556010
915142533
-1463723525
-1719047875
1467300848
1796064686
1344736640
256868896
-263341265
808959241
340254732
230044166
-949382347
824455152
-1096223150
-473678964
-263106333
-375218021
-1169790316
2070396001
2017969908
-1351772202
1683320645
1315849499
1757719357
-598035724
-1540130833
1615206985
363152438
1118379267
-979071914
107606724
-1921258824
102885184
503392734
-174471350
-105946104
671151309
1142314793
-1323792564
-140027885
1876192673
-1988047356
1951385350
-195860485
-68424513
225861507
-1414022448
-1674663726
936369578
-1434519959
1358107572
-877033820
-2117288681
1288756174
351506751
-1551871046
-1591398172
-199613957
1526029468
-2023421923
-1069995192
-340043368
493650142
-1220086440
-937456308
773190920
-69135204
-1349815678
1360198778
-1529676268
-882120510
-1229536133
1676271571
523043270
206491814
-1972058507
-1076054011
-1567467881
-348072103
1717900982
1818052317
-945610548
-709364161
167168923
-202098182
1742780700
-620814110
-1663306529
-1841148733
496654742
-511657470
-1956811491
-274917990
1241330881
1033553392
-1587822701
932115025
720132868
651390491
-1001249240
-1610299428
1437012552
1721346539
-293805137
-60061368
-494238757
36118733
932478573
363510251
329639063
2094373262
1319345880
84434653
27687747
579570412
1419089569
1070994342
1125329208
-402087574
1417139189
-745654728
-685418169
1108627044
-179780354
822304287
1242003673
-1709329310
-2049773649
-256666890
-635478184
268272816
1169899969
91485725
-812824626
713007661
735436024
-1530866776
-1905377078
744725859
1095033770
-1068937575
-1409599862
-2032116264
-1625749119
-1307763630
1418459990
1990757539
-647762817
-690617532
521663017
842175553
321419842
1497239788
1749303191
954223017
-1969887863
-1391543552
95003882
-1479568739
1488842742
-288071707
2147117453
-337732286
-1681945579
-112928157
-1705838931
2114157810
-898950244
-254862181
881199389
1757429841
-2064265740
-527104457
668966265
1350161566
-1683627273
-630199837
-1746404722
1577667147
45733371
-1598851587
-178094599
1346653902
