630
630
241743119
-345377656
660213517
-944574535
721037444
-956295579
-1631101959
-1804207352
-1478955346
-1224360508
-1820637910
-87912263
1902825451
1208777687
-21357842
-343098974
1487228644
-1761364536
-1348824743
-1908140162
-385443565
1174250733
-922382740
-81591736
-1307673724
222799418
929183346
214017740
952852447
-143422218
-154412371
-257688966
-1395944027
-1231622990
6663730
-493709188
-1442616392
-337605003
809133329
-486810613
993844769
-1342995140
-1688985160
1855704062
1856887821
-579168863
1906005144
1249815459
-593597927
928900313
1590784520
1952138450
-1093131057
1546658531
1139188330
-1585496258
-1423120529
-536370179
1412944011
1868110094
-1275421967
-531948198
53787215
1431344299
-345083574
-381617902
-2067535987
1901572059
-643165970
1051424090
-676025544
-1398048753
-149850986
648741620
-1276276034
1172131832
1127252802
197367528
940042164
766671455
2048107649
1870193524
-1443944526
-1896808906
-1780558608
901819456
103126651
1527658473
1562574591
-1177966123
-809677215
1881451513
-534144005
25735248
-1708690713
1423699660
1684726087
-563802798
66152871
642168254
1172504045
-1585950406
1487027574
124282235
2118069333
-2140866666
1047039941
-1688948337
-2111595437
-804609322
-999572406
384901438
-111707802
-1147805886
-828828962
-1618375280
-4943554
869572909
1441811368
-1528435536
1586257534
194507370
-1092576901
-241107338
-787711037
-713129217
-998637955
1617210946
1984479973
1426788632
760006408
-1448460789
556899452
-1683694530
-670347564
283741879
371278757
424646600
950039637
-352052820
-820837882
-1815375727
1286561377
-278040666
-1354520562
-1532626453
1989638165
-77836085
-987052671
-892561966
-899561735
-1351831044
984639027
1974938724
-961872030
-36945043
1199265555
-1704163696
1995438871
244337783
208680811
886038541
-1160219081
-1704136532
-499525019
-1661008754
829830745
519254571
1261944016
1347980339
-1104347147
-872659658
-608726236
-347804862
425328129
1161693441
1177236419
-1152104170
-1760067617
-429016628
207380865
-470920617
-1662766730
286470195
-1498138010
1508932203
-507301475
-1434435132
-943436110
2137677867
-304305472
-1417341230
-2003065824
1601128921
-1526935107
-474773112
307374447
502197330
1690922767
-1802444224
-690397667
1073148287
845436461
-1623816939
-1228328331
-790498799
229863220
-841521994
-406035508
-535832979
418199235
-2086056323
-272639738
1544475363
1402132517
1578001343
936166239
1524331302
250561973
852251749
1090357096
-1907267336
-2117799042
1306799803
1296675406
256774692
1598691361
-411641721
-854229150
480307633
-1657956357
-598768291
1172681172
-1544202156
-1822622074
-1284587982
-338639166
-576415706
-387569152
-1383739858
1212334961
1477812118
-908751543
-637818683
104408025
524044192
1151085585
621911304
443592038
1210589502
1754707250
-984651209
-984143364
-760828385
1963024217
-255620709
1764708156
1124331670
-1640338452
-31604334
1895126533
1999603412
1357870119
125261291
-529070531
1815856474
1978655880
1576888691
-201704751
-24148824
-1071560083
65496272
301539833
796563002
381179898
1852601996
1546370496
1634210996
1923334720
-787971980
1250584771
-135724197
625237403
-2020473309
-747805896
1032122567
979377243
312996057
-475419598
-1243246378
636736421
-887669616
13347618
-1563590172
-94246245
-1840913839
1385459105
2090447160
716855226
-2001628221
2011594091
655364800
834310276
1030102020
849056430
1748344833
250236766
-214402629
1569498757
1947259464
1109676986
-271514003
-861263426
-1931670491
19431544
1314930448
-1332059165
-964254183
-1262027639
1501495773
707804792
-443641202
571095509
-428583574
-1234370432
1072680199
-373291425
-853013257
-1780236730
428869783
-1944056923
883613191
-495091367
-2140647017
-783261620
-1447969998
-1995871017
1982437010
812584956
-1947498439
821322222
-1192473468
-2016297591
1576368987
1748494496
-1447452092
-1868905646
-1960591386
1414029509
1236268861
-271223314
-1147589104
516341590
-1536456348
-2042532604
1535257606
1178229735
192384613
-1341196679
1794378821
-1671720331
-2112148449
-179497007
1915977001
-994034334
-1776745390
1290518990
-684073533
1950829500
-2010167401
2101025373
645565423
61929413
831619984
1878720690
-681148508
1655005615
292855903
-73650255
-297941107
1682150055
-1571241637
-779705713
-1381778727
1198468116
-1186726655
-129032263
2086925390
1404258080
-1394859992
-1560277516
-1272747356
1005930614
914157688
-499648571
1301953040
-1969574835
-11820516
-886939374
866644766
-1016000859
505377974
1500893961
1767736003
-958925871
740469651
-1091812800
1832191922
-1147136716
881743135
-1571212516
1046554862
-1039387057
-2095671909
1154695287
-710753888
-1633958406
197421324
-1029904259
-1968376278
-1761095695
-514518922
-103627818
-552794501
-614530414
1812373066
-1197241591
822899108
11914468
87840284
37260831
1901674155
-2035558181
1809634200
-1296334202
-1230405985
-581409319
-1929958218
-363803848
1615617004
1782794104
727417644
715890460
-454276368
690523270
-1968785116
1565766060
-1024774195
-2069818800
-569885393
1342849495
-1258648192
866813987
-2080104072
53916456
220140082
1605216015
769847868
975246630
997201102
726245870
-962330759
-2008859394
836294611
1092096420
157158885
-262187681
-1003838101
990699943
893756193
-1953167195
-517203781
457834689
-1655742162
1989978425
-1354553221
1584847380
366486816
-203293642
723306185
1378343519
-1826366192
-1330738608
-376559046
-1075673730
-216053418
-198337807
1830360114
-619782089
-1428153096
521289124
205367413
-303091149
1478635868
-599128650
1968810493
-71080887
1874313541
749558810
1216229645
1959624450
114155260
-1421309043
883043974
-264172199
356882893
65465082
1160335480
1887397826
1316325045
1010551326
740039675
194980717
-2102484904
-1483013009
-35172288
2103271883
1377481272
-806527430
38135522
2088442960
809091876
1521160202
-2074458751
74614907
1638347501
-1469504432
1328575633
-1181040621
-1020887201
925666112
1026322287
1099028914
75687023
1702889720
-1115364939
-1078395514
1120684976
880304615
-736369202
-2000256426
-147898612
-744199828
319592652
-1246865725
1498206895
-1046686019
-1419929736
1119959760
684898886
-389938166
-1867138902
1080528292
1365441897
-2014053407
-68052773
-861621363
-1193410732
-1124894509
1598933752
-866363320
1780010461
-538920104
901956216
-332197505
271903650
1731680751
1802291888
1450714514
-1469183615
-757879
1873518437
-836863334
1954898764
-930690009
675969699
-895028822
-2043038787
-184611903
-524637236
-1774276009
-541723737
2045753194
779619315
-495441286
-1127196562
-3418960
1833952106
1630389812
2023114169
1150584648
-1866984295
-1970691023
-247912859
193767659
1273864209
924699185
-985964356
-994870406
242144736
967613892
922474982
-1909073560
-1495873498
-671505068
-1833845601
454527064
6607592
1358353768
902919978
1246532100
-388739805
2032332326
-1729158012
-627783839
-103434460
-1875792614
1036113117
401199616
347863574
-2057382091
355363139
-1317898313
-1660580644
-430350569
-1132988768
284423296
546476577
801385360
-266411034
