724
724
-1461416288
265700268
1780367972
1440167816
986761483
-832356616
851204942
-2003711957
922146822
-770210045
312090439
1494959261
236076046
-433696922
1684641799
-426817786
-913594632
1955259557
-592735285
1796007772
182423385
89212360
-503053991
-302153444
-481290713
-724155606
1705609281
85303350
-551738720
1911174800
1946149220
591612232
1573378154
266250365
-1470057542
-667152113
-2120954885
-2143783229
1963915599
-1215252711
-439183046
1363497053
1972187277
978532287
195084390
594319996
-162603583
-575174318
1380773175
67179231
1967268055
-2098825068
152767554
853132135
322331496
-608348054
112120481
-1387390230
-84843786
-1532200754
1821613010
-962969786
1746148213
-393111286
768197087
-395449159
-1174055411
1602930978
1410257855
-809929104
1714413598
-1466863983
990399996
-1896760227
1967042180
510943288
1355725205
-1187173811
-790531813
113462675
-892250843
378082361
390617733
-206772947
-219632572
1890059227
120463402
1005874774
-1393508052
-1836135548
1060337280
758827538
-274092897
-1378913748
-574648948
270667603
-1641555960
-1798419254
801984935
-1433258389
1477129696
-1289824026
-1253739387
-975665221
-129557421
1580936299
1023509107
1942143408
-88431070
144838337
697599967
-1435358736
1785970122
1838485275
1186597661
296877519
997537510
-445567987
773086824
-111151609
-1652909615
2133975136
-1930457562
-835923544
1606059407
341289257
-1404145809
-1679418291
-2108503059
2120767768
752587472
1373217680
-1894274074
567332109
-1045422261
1375096767
-349057465
-1101736464
-478226014
223695823
-1953699690
-1967952959
-1982735404
-65935216
-103601616
217218541
1173209319
2047149858
1959778224
1948710116
-86685464
291362471
-539641705
-658327321
2081732912
-2040086215
-1083426007
784060966
-1179878168
-934124514
1750102677
-1367542263
-1360606770
1894436666
-419081384
1740707277
-195277512
464570308
-1006579230
-914308525
-953670311
-341835204
1228523384
1966176564
1082895042
-1599567972
464830812
1325674264
-834220501
-1573078579
82583084
-1714312376
888278644
374778716
2127699335
288917632
1056131814
592363117
-1343109642
2019159817
-193530435
-1308049681
-568474360
1692359687
-680826134
-1130632175
862629310
767887887
705982228
1861068019
-450610903
-1458974980
195631840
301837472
625175889
-1273068797
80655985
320747836
-1360671143
-1644411645
166152498
356598393
-2086404640
1080700961
-1689067054
791135055
-2069336919
-1922017644
1613683344
-1932074260
-850591107
1199510973
-1089561160
411187432
269541455
-1817241734
-1243763092
-2040946500
270901409
-1225812806
-1361905241
-1029943180
-1411007961
238923092
-1202080897
-382064988
-1384388439
-1202132716
1230259369
1701274520
-920797139
1377187351
1315048514
-585743922
1102696020
112457816
1478031820
328016296
-1340346876
1353121418
1638941558
-561562531
1401991495
1988194343
1269415071
-1111944656
1077609842
-1072559928
316379292
745605093
752711049
-756337481
1242850745
-1549801617
-1307922719
-1335434558
-139449218
-1357105171
-2050544633
-1691017391
-1055645902
-558980905
-891278880
886099131
409777572
-1717253004
2027571985
2098662612
-982478552
-2054455921
1654427040
-319606838
-1130912544
-846738327
-1927121189
-1579533263
1768300092
-489505039
-1765107336
-940678053
-1134636605
2002366514
-2121999875
89390317
-601280494
1555643148
-2005527198
1338427566
-139262171
1928305702
-354611724
387427746
-1797876779
-159465693
207536763
690497367
-929978463
-997889261
-1533111393
-679867779
56813232
-941997525
1198054279
952069564
-1037147626
-609580871
-1979917374
2067778498
1113264726
1640621905
-882039446
212120218
-756091353
1677696076
-337911930
1645319236
210229627
-613363598
1791659952
-1114665855
-345306948
521077494
-1106556681
-720424979
-909740968
753713314
-1554291450
2026879059
-1595799425
-1580590510
-2071057531
-1810095556
-559399637
-1857188186
867175358
1229197257
-572972448
-680174862
-1611576189
-1312848702
-1968477004
-468162695
665933391
-2100703250
-1747761646
-619887909
-1242432597
-1632553564
-1994463558
1375789259
1812751315
1759391650
-1386923381
258871300
-1711834215
-1888594404
1493374596
1069669245
-1039527800
1181500952
-2086157688
1573407451
1193343563
-1754326792
-2005279903
-46123482
-1078725040
838943064
-1207316218
690757823
870980008
-287842023
-1600682720
-1235136623
1651047728
652274878
1011142090
-717910393
-2052585483
-658526218
1453777048
373250365
-1673298988
-256604295
-2099975717
-1255974151
1885415521
-1989811177
2016564258
1017477596
787671050
-1530008819
-216562686
-672997036
1572948859
1022445466
-1620833254
-117588012
418060098
154730961
-1171153583
1826270151
1277982646
1754427056
495925089
-1189420095
-737472747
1461030258
832593305
1820188151
892486124
-1859951071
-1309387810
1032313585
-1491245637
989019502
-2136627214
-957190275
820229592
-610356796
-1827501320
-263767578
1439969939
-752216678
-771571913
-1705757082
2043530906
-586704120
152575518
-1372821800
-1927115105
-1318509411
1941109383
-648101455
1805287223
-2002923665
1480844095
-298279888
-2078956283
-1846179214
2056817094
1518863316
345656087
1551257357
38392146
1973795598
1804555151
-1873555734
273500697
2127940920
-122130811
366193421
1980538064
847834565
1904499500
508921896
1703520878
2130187960
849057587
1205310508
490628149
1781996122
1319116909
-406499037
1607704562
-193848282
905260211
677886268
1471835266
601171208
-1888486391
439029799
2103945880
1675380422
339814655
-933235293
1554640318
-1698823490
209197913
1029868884
378399129
1686693841
1266188529
-1251225639
700837744
-1884775521
1322512604
-419538658
399327214
-2129280268
-730325812
-1256110099
-1589103321
-2101903999
-247188300
397476555
-1934718760
330590414
1562271921
-499714559
-1218626830
1004297839
1741452584
-13197576
-687743911
808673653
1482769707
-168855350
405357032
-1975947481
-96323808
947428884
987227064
621946610
-723583068
-250334191
-5083998
-831881827
678405804
1290138340
2074164737
1009381312
-659866899
-1457955020
356641724
-1226840202
548132734
1933150462
-1557793661
716523857
1465573306
-146447451
-66176424
-1867162482
1812632938
187239245
-1354301616
264274569
-1248826076
1760922474
-213882214
-1297190541
1971700973
1286994579
-809772608
-145955263
864739621
1499070364
1336312365
-750583321
465720228
-15002654
289285870
-1750022715
-2038877921
1313019624
-777722180
-1914346655
257079504
-795867358
-808098247
1711166295
1586778710
1255797777
-633808262
-152279155
1503200729
358448527
238335941
763055274
-1774071183
-1939966869
1243482267
-523555128
178947784
1241215032
-597905160
225670503
1287716861
-834376094
1718165976
1619053221
-1227427125
-1322004863
1274233085
535814571
1025811178
-1001766927
1982433519
845787242
515189940
-863800158
218342724
320671879
949699852
-228414164
-320598239
-606274669
383226747
976450085
-1307021824
-1368795521
-918025573
1804340918
-570900301
-918585266
-2037783880
-1176199060
-958295384
-1817634804
-1456596301
1240387659
625328493
863415806
523936553
-1249408728
1490589302
-1950329830
-420440107
-472039624
697907486
1256538553
1081223986
-1308975901
1301593323
1437400714
1214851172
-628184866
1573146645
22792394
1450782552
2009643384
-423539127
1038789297
-1185476823
548391219
-1386136662
-811142353
-468655419
-1715339115
535292951
-1148975656
1521013712
2263360
-761374029
-22694373
1373546440
1013513792
645985697
-279404102
354581353
-142144092
715153935
1326530165
-1871884206
-1502732465
150731894
694259464
1751273703
23598351
-28468961
1449177944
-1813647751
800290798
-575518488
-2030123032
-1920582236
2015667912
1569990215
-1972189039
-1293798152
-1718429155
250965647
1419209330
-353127973
1391530280
-1686279310
-1058594524
-67475539
-1201652688
766243014
471253810
1157897517
-376883171
832598668
-632192568
-1477387237
-1688047795
-1473382611
823142313
228063005
-982633560
1371892229
1823527782
-392361498
230434289
122950181
445882572
-1294837868
1221148255
-1261686444
-2083261026
1995975513
1610566252
-538308777
1912432003
-746643619
474870763
1177023858
-107585215
1827499491
-412834464
2063064622
-1387649749
