831
831
-840585046
1723195275
595713371
2065603288
701477525
-2065574842
1402111064
-759553515
873084813
-911254896
139773585
193492252
982965926
-745041944
-316202423
1120738309
1319076480
22657759
-1517022823
-1213914244
-2126070801
1397900008
829556663
-1662973261
-30709026
-861351566
-1783660933
968563866
555837808
18280504
2039732255
1107142733
-132133529
1984542935
-1786373818
2138033358
126311369
1425435040
-1577664705
546753523
-1813376320
-287116369
1796880010
1598363809
1135013314
-1985948100
217429402
1129288762
440092657
-355869904
1796767708
1314172755
-1050836797
1735624955
1148703991
336093610
-821377307
-561554012
-561770411
-1842139817
1709976924
-1980029151
-17711902
1673634112
-1122668819
113642728
-1575378669
1042616018
-10353729
1009000133
-1468070102
253585133
-1613009602
-511476498
960218551
1175417375
-237118399
-1802277548
889572449
-2037786604
660510062
-1616973253
913979622
349088333
269072349
1893840396
-325699489
-1738643952
925059579
522149994
1275476168
1591517599
-1770934096
1269999746
393752256
-1703552852
-1338641212
-271927129
-1901726836
1567689739
-744981890
-1360873699
-342294687
2014259369
-868806771
-1125611468
1979253730
965044668
-1595182292
809835928
-515167513
939469371
229620864
944367335
-316670593
828823953
1928872772
2091661188
-1584777416
1182599052
1345384103
1274066346
1461258653
-289424485
1904610932
-231332157
338990079
756255544
-1862327693
-386913030
-1033661576
-1773984861
-1166789617
-1340618225
-1326608596
1786854096
-1622366664
1130412905
-1480784686
1432624033
-1400856694
-815791247
429480306
-879673001
21263022
-1400818659
2013827695
-1782401466
-648566528
-1385345334
832903880
-46716472
23565170
-2057351858
-306964326
-1992756877
143623599
-837834675
1502418665
259484046
100605827
-173969717
-1909717089
1957783744
-2022619015
-527383805
844292564
1206303498
178569669
726388854
137388111
-80619530
-609127836
-534999226
1356178508
-238401520
1378079105
-375723837
605864063
-1379701355
-780528870
491000134
-1791070120
-786258838
758446819
374156093
-881492088
1344466255
-949454486
999589767
1861395908
2100009044
14055291
-973727998
1162599113
-1788697973
224424901
-746790559
834561695
773503742
-1924999491
20223298
625685025
-1830280477
626467009
1979417983
-987161669
2032590094
-725068159
501655491
-1820240779
-881860442
-1216917606
1154377824
1663437105
220349211
-402470013
280258400
-2093753296
2130742615
356610220
790590169
-812453158
-1053708237
1262098916
-1936960891
659856318
-537375700
965285370
669464721
1849086166
778715221
-1629012569
518712245
1936136720
-392317809
1299317675
1484783236
-516778999
-1671425288
-1281236171
-1190680571
-1075241189
-807492447
-590425977
1730351489
1712716441
1072678275
939036633
1061236126
-1181724584
-2027494478
243471998
1716153516
-66423694
-1429422638
-1124771259
-916266434
-1695621818
1048089802
1741370145
-416239620
2043025346
-778156872
-464440564
933087672
1347501028
-1489995484
-611608537
-152475970
507028861
1035300983
697810213
-1588677521
-1914243785
-1860173139
688499690
-2100584944
-752575014
-693772471
-574769554
-336871969
277381578
-1998113143
-676316697
-1104622745
1293313235
793461211
-1695813593
-1984750827
967587369
1371037583
1874948930
-1467350262
1886090921
1761981901
-1400842381
-118146767
-144949403
1877971144
-367493313
-1058177388
-413422497
-1892224973
-1517646373
504638443
1899999123
2099771380
-1285776438
1203663734
-1590259654
-1001768937
-1506045494
-74290164
1141414477
-1447493628
155700720
780220786
122077767
-1194249996
-1625557231
-1664424464
752435503
-1564130399
-354213276
-110247647
269315285
-1400933060
922300261
1093425163
-428715941
256200612
1322941947
1685215854
-37238538
-1475411756
-690593060
-149814944
-1573115146
-105368164
-716571088
-1839674599
-2123320573
-1235784813
-983607180
-560750581
-142784600
-949752245
-1264129631
-368593610
800083733
-1574833210
698347148
1038532537
1531944224
-783315927
866529424
-1961210453
-1318339187
629430447
1124213609
1781225515
874978958
1314995680
-1673364126
1883792053
-572072052
-2033416959
584363443
1220393911
1677412391
21635278
910415140
-346508701
-123065477
1447496038
-1176754955
-697838137
-1268401243
136962950
-2115319807
597135642
-1583443579
1600808697
447789600
-1291077289
-397939516
1058289743
-1650380339
-1525948401
-1575915496
-416208436
1743421448
698449787
1456070086
-505276509
2077395581
-605793328
-1517119384
11326308
56509414
-1918732841
-607917072
2096681649
1347274413
-1932064068
434004716
404460856
971830740
272342309
-1713001461
-940509732
1725089817
-127044730
-448408609
-737486027
-710434476
1625388979
-2094278940
-1203307717
1722637860
1551270838
1598476224
324052541
-1236666934
-2044778526
-596163124
-176173801
-511715756
-199672280
-79274030
501593763
-833790211
1555750568
-111739112
-613738385
-308339501
1816234379
1637811869
367691440
-1458131558
344562191
1029132962
1651339127
1990356208
-10397982
1198859371
1432425762
-318746703
-745786444
141035078
-1728300012
-519532132
281024519
839085004
-1402634328
574822710
1630519112
-1809083802
-726302110
-1743473170
751994403
1985046035
1659858279
1711250561
1556822291
-264147353
1690137391
524600735
-917194697
847644630
2019969400
-1763044658
196379756
1004367154
1514917501
1258511759
-48199273
-1303882383
-627946137
-145042242
1015462466
-214029900
-275573245
1450658878
-1392881558
-1411377276
884235190
918905557
376686486
-1479244962
812355501
-1500339629
1473111083
134782833
-2033276328
1389886970
-323265538
-1037161819
-882108392
750998297
-1038748629
1923587039
-328712906
-960114695
1470179364
-51036797
1566229783
-2048432899
1030204940
-958792390
-648728403
226337796
-444830651
546763764
471816241
610710033
777827399
-2063013328
-1706175474
-1848692946
-1346709837
660823162
-2120122080
244594828
-1068145497
-436681675
375297053
-977213201
15774292
1513629850
2050814035
-54985912
1808625356
-905692160
-1518684781
1083732899
38823200
638093661
-1514849939
-328568253
289192618
-1208650228
1337712540
1901565195
404962982
1658067920
1825801667
-1861317858
-272720121
1529823000
-266832294
-1448100150
773691016
-2065767036
152573666
1672427937
-1409718272
1964527783
-2070231712
61744872
-1247266054
-1187225330
522819848
1988073525
-251646588
33203585
1835203127
-358453165
-2122764473
1056938632
938231206
-1699440536
-232195625
1707662896
2063462108
-570301606
-82462132
1721916430
929748452
-644660371
974209041
-780421756
1943716928
1531524656
1746388219
-2123011517
-335854307
-1143567719
-1068850531
-1241938672
669600967
-1172380305
374376666
-1288974135
-213294242
1557047272
879364539
96065962
1084966602
741874834
1327664769
131284684
2117154795
-790884747
-898430466
982980591
-1153276139
12725881
-475202528
1758163832
-275565637
-114824443
-1713792306
-1853869892
1631925097
-1051550231
-56478730
193903230
-309578761
2025600125
-845931290
-1308858954
-1536905989
-1130383862
-1713126693
-1117947756
1069241471
559762535
2029498583
62070211
-131282189
428061415
-683827529
-14759950
-1065381275
-658034830
-497492604
1214892431
610911470
-1693681167
-1663388408
1023943893
-1168687505
-1456458257
2041218724
-1389766648
301739389
-728112516
-615724703
-1914820097
1170947993
1781752917
2123707204
1770044131
1126554788
-1421046207
-733895707
1306549557
-1617943151
830753725
-1899977662
806091541
2140777052
-1471720997
977244112
-1716384832
-104395974
-2062648730
-230049069
667114842
1004009745
-846910134
587409902
634533613
-24622807
442661938
-2120306947
-508356943
-358477788
1430639731
-514293982
796168333
354547755
-913151192
1832621598
-1021832995
-1232189846
38979485
-594969887
1271760757
2125743037
1004539888
83966307
-1475330330
419888299
1839135733
1690019252
-1423744001
-1978299246
-924937638
-635421614
391184790
1665034276
201528331
1423389626
-46762872
1915247377
-420890153
1003656001
999660541
-1797182203
2098735187
198271779
-2066593296
-183688747
-1911243266
475875804
-71845906
-879638284
309534629
-395040074
278529053
1440337963
-286087415
-518743645
-157025665
762760585
1690474430
-67291060
2137108088
1170289815
-388350379
2103201897
-593713011
1885727440
982605245
422461266
782675054
617885519
-1115189530
2111735510
-1686349002
108382666
-89164122
-1096247477
838415856
633779390
-1707280928
1450354406
401261660
-2013219093
1652799458
-1666307508
2053694451
593666051
-1329216753
1517208168
-1179286743
711072925
1053290429
-1616792705
625364209
1636980079
-990090912
1146960257
-440465274
-235352644
1936825831
2044743072
30126439
120403211
1169571686
391164198
-1674212446
-717742055
-1245103116
-1597091453
-42026923
-655368944
1110888406
1901091237
-704377231
902944504
-101575204
-1842248564
-1889715263
-1588970388
-812860917
462849309
-391155158
-331162223
-1151028613
3315509
1780950324
-1142065852
-1149623678
-1029992960
739351496
-1588801134
-165819374
866120588
-1235789253
1866698604
-1127566497
1160187288
1503963275
1478909339
-595339068
-1924408398
-727861017
423295729
-1422316313
-153001344
-1588579724
-613653568
340075290
-1868572579
837559374
-1206918512
-1421441532
-2011199705
1005233356
907933707
-1968147840
1254061910
107520263
50155068
-1532715836
31668305
1474338973
