954
954
-2127746312
-1085652026
986995196
-254377550
436213148
-870943014
1783196565
-1733005001
359572472
-1180659297
425563072
1078502254
-820665718
-2081943012
853611999
105353389
-1594749970
-1113641691
-40085337
1714338401
-1365212267
1482671363
-2019278352
891305045
-1240643659
937862739
1769470923
2064625204
937217664
1741369134
-225610023
-1524819636
698647191
1239925898
-1250738726
-125630828
697193153
403290591
-1929154940
-800528144
-42399529
-742027507
797764501
-885299278
1649581059
-1783191428
630529067
666914148
-1568083415
-666901116
19254355
-1472979260
-1757363036
995408143
1438647007
1222352399
382311477
-1658279811
-1723473797
542359170
247535671
-1457695545
-2135237630
151964701
-1060702953
-114986522
-371527667
1175833514
-1597602300
139808885
427724237
-1825483011
-219048478
-708846187
1070229786
-653428356
2027152259
-1354154736
1535603147
-1256173343
-1348096744
184967616
-554660280
-749504962
2037841637
491997233
-687281316
-1460899007
-1640711885
1614788485
-731450033
-449787975
-1406959221
277654680
-829600205
419840856
545002272
-1418538141
-1565764226
-476530758
-610819444
1225568933
1765545177
-619034971
533874879
-1077580353
-2071484874
1849938066
1379182900
1742160095
708863784
-510703764
2002077540
418585441
79727982
444459415
-1191886977
970783857
-217452336
802728243
-656189863
-127994380
-1845027282
1073300385
1055626402
-1448150616
325191637
839830853
-1454841510
-159263607
-2019236076
490255757
-2072948861
-2067268490
-1886444786
-1266710734
-1754459369
-508095468
-590262062
1768089790
1081299260
999114994
-771710808
-601317043
-1584971851
564785134
1304644781
-1852791401
964904860
-982973482
1933368482
-313626323
-760799410
-1125815727
1524257536
-806866942
-140963931
-593485056
-1609853105
1637907500
1108990060
-1941388064
-344411721
51885036
-2035423217
-674894351
-350835753
-878826517
-982132078
509774108
-1150735659
-1392459322
-1113885756
-2131816879
75175605
1227723468
1431799987
1257513199
-85335314
-945366266
-1075278750
1829122153
-419148742
-745127817
1545122745
2099248933
-1296654419
800263844
-596777796
2145661863
-2012487927
-1890441642
84731135
1225021422
-1901308337
1008641437
2113698649
2081286942
-63474023
1516669976
705460440
-138122914
-1428157913
-1160323212
-1636836108
-1220973053
1351554486
1010242609
-1403483898
1396855790
-532481256
-227819860
265697018
1325201457
212185345
100978777
-584997053
554402552
-684841954
2031871311
-90686961
-2092344666
1875776875
1737188873
423323579
1782162750
-680588859
-1446018710
583715977
781319172
9838270
-143768831
-490292336
-464898717
-424683344
1070877070
-501969677
-1379636975
-217956844
862446021
-1831003307
-1926327696
1196741652
711756113
1188111500
-328108745
1061376094
1215110683
881230228
-753489839
-752282566
-108839477
1952213445
-1278612731
-2046754
-2026464882
964965704
1857562710
-25914112
1561805338
867128007
-850342741
-745466963
-975032338
-2135268253
1830048179
-1990880167
288328670
-1632061461
73737346
-1942322122
-1818330162
-1790800310
-1006745089
108478664
946501565
-199498177
-1811585662
1775649721
261253893
611368532
853804473
1736423401
-1753602592
-331415032
409885643
2100284361
1752359726
1750439502
530301118
-1328589591
1545594484
1540569402
-1367888611
-1816487730
-2038925785
-1417205511
-1791490348
-815050999
444118571
-1958689278
-2066749089
989343876
631711382
440050827
-1994109917
1294837790
1940703928
1839251773
-981849317
-14124934
-1298514849
-872886998
286004663
1217686292
1767124822
-852572930
1747929088
104750228
-1874450129
1349994356
1112453631
-1496696218
-1188925118
-1772331252
813994335
-1923955318
157449461
291549946
167870801
-272486744
-1129620420
-1510976671
-721804113
-1676681369
342747747
-1978297152
1791151716
-1518271234
827508491
-505696596
240307210
1993256970
1031691121
-1380970049
870266580
820878754
-54956042
-273766192
416771757
-178192984
2102334939
-757827228
1938531233
-1346188702
2050550091
-1898490013
57151868
-373193400
-2126581858
605593614
-1674194512
142372127
507549147
2014588976
41707387
790921542
-332360833
-485750381
-1825740215
-1436948913
1151710588
-1497080907
-545918378
-819822640
1686033796
-1020599364
-1524126825
1221579643
-818380410
469751718
-2031766822
-403207828
-680061064
1095094468
-1419796181
-1291641406
-768583337
2124507496
-1431869062
-1542416528
923516267
589857245
-2108363654
-1591257004
-331284785
1991008407
1727293131
-1604232567
447787568
982065579
1365974362
-220565767
275440340
1169697152
-607130616
-1807986379
412351454
495619782
149658249
1658299528
2010677712
-380915801
-1234232434
-358142392
1621385296
-967088579
-366208474
630972784
710594606
122851395
-1199670943
1113952107
521673125
-222568946
-472143306
1104499250
207009504
1449149
1701247910
1999897496
1885706944
-1418432593
179849504
-1296542236
-1456103460
-1000067787
536128295
-336764512
1021338568
-1828236664
2100235825
-1919697744
27988634
2043527933
755028946
1251241637
644605610
2049361526
-1901534694
1967019603
2103533720
-1977124068
1107412282
-730082144
-822707310
1069166154
763742061
-1623732066
-1075879466
1991626956
-2136857836
-1442420516
581854582
830208584
352891683
-1885936136
-2001125030
-1431359492
46253500
649708153
-48044405
-109419863
-2102004456
2048842715
-144811602
-1812080690
1686252206
-1952636694
1958962381
-1543179751
-723111795
-401190573
-2095701667
2087423258
205550861
-1222729097
1416535676
1892737081
-1366301530
-608608894
-1208080519
-123659030
1251933727
-1762080068
-821825895
-245482466
-91650838
727776798
1377509400
1168355068
-822053426
1439848744
1160290670
1843914448
1858478534
934925809
-1613823790
-1732646845
1461097257
59928447
162748675
-1452778036
-28401398
1906588504
759573829
954391910
-228174623
-1667037095
1836024233
-461548157
-17201558
1570215621
-1699892334
877188416
-1394355764
-509887072
-13969805
1848910809
-1507636226
-475852482
658807005
-1487283362
-167274138
1712250646
-650185288
688454310
-437695806
-999976229
-342215216
-697294204
-1543527349
-1703749427
168363411
698544696
-1565969641
-57208501
-175398120
-835438808
81646782
1516366253
-1593743261
-65608752
-1362684608
-1174589872
2027042279
-635239947
166070054
-1247139343
-1369079477
733680672
-117704218
1172645438
255134833
-471754166
995996299
1072161194
-1884976973
1624616403
-542176619
-226685312
-1817204113
-1186404167
-847308515
799289147
923300037
-961541115
-1441052099
-1448713196
2082448799
1246960008
-512620370
-80609829
-1187522063
1943590087
-1102848591
891021834
-1253350847
726982451
-1217647821
-289190890
1336285033
1033823133
1224270891
-1190864888
-313270373
187466984
1499129670
1819329100
721437606
-1223752705
-1284579386
592402633
-387738505
1481691401
263770279
606968113
-450992927
452885467
1881845251
-2090051431
-139699296
48871342
-999249738
-1763585973
505651611
-2014550511
1598296133
1464247259
-586780568
626842912
1374678779
-1524321160
-725580523
1136909558
1212204117
-611363453
-1983743195
1610082399
-1630862945
-1085163931
1439257560
-1261898542
-1375064866
1455003037
-729764432
-542988898
1351929328
-1980657385
865234991
1547339362
-1883272719
658483140
-165744668
1522727105
-758378271
1857142886
-1849373016
1718798678
2137440643
386615723
-267379675
-893607962
1761617799
-1620818051
916224663
1401994964
-708986901
387670424
716065750
1270269401
93286301
-2050898084
1052977811
-755733517
-1330759580
264305892
-1982188575
1469146270
-1465829375
2011686230
87614711
722986049
-668570223
-485646724
-294022860
-2076936213
490553653
-825359981
-855853982
1854874686
-1688737292
407690595
-1683577538
144900011
77778399
690634127
-26776520
1312340959
916406389
-391949522
1050854006
-1887710596
1111573321
-1165962599
1449819422
-1880536820
1486236897
-1909663098
1759373524
1221738546
83122657
56080469
975493505
270254625
-351122327
-936108630
598045270
-1064795054
-597303878
885562171
2105534992
-1133473679
1527932447
-2141358870
-448016515
-1181349737
-2085159158
-823450859
1338413630
604338878
953959292
1574901037
-1747233843
836990833
1288909482
-1093564027
-1385675583
300965827
801970397
-585068948
-1851387311
-1113153919
1645126297
1578205309
-1436932074
627490986
60718593
861641268
1480903188
-1670897377
1710370425
991127749
617106170
-2107892842
1998714509
-552060376
-958995799
1159527124
1398209552
2124535928
-200742670
-2069817829
-1095431544
1201546877
-1198163805
-1442983456
-499935287
410218887
1946402500
-691177535
1727000287
917867645
-1458865634
537270709
532456753
-1716975564
1635741436
1837036676
1716567522
1230052612
-746269899
-1455094406
1522212730
-914744935
1476851304
-1363753129
1726300101
-1392809210
998681225
1550469769
-12965381
-1920364001
-430362467
2086673564
859128608
-1591633401
-1335710271
-952585487
2129555629
-1264786425
445934704
-263631699
-1745910416
1016421537
1312255492
1959297012
-302442320
-1884328476
-1685057411
1461315159
-98882668
-387955966
921685120
868457610
-1914158908
178008351
-518631517
1594853722
1473235536
-566077077
1041463015
1409654749
454496721
584570994
-521147003
2123075818
1739980493
-1401547086
175797229
-699818037
1389322079
804589166
-1829498101
1304137265
299013911
-2053924159
-1053442101
1942999911
-758196194
1861034997
42873567
-303656246
-1973532002
-1850917611
-1522599745
1998914937
621921888
-1503197504
1080819185
-1607906488
-307494219
184511295
935402378
-1703553287
-2063245158
-2022275110
1799710707
1554704813
1516221206
1137563494
1292652528
-2095591017
-1383880217
-1550978526
854637534
-1835737101
762823261
4716228
981910844
-47035850
-918887804
1838936270
-1389051796
945252999
837485192
-1072771035
-1171480903
-844033171
1902282837
-1047542301
269151387
-83563832
1272789374
-1405740437
1618014266
-873791483
-2132809889
-625094466
-381440976
-1429335667
1705785732
-539317492
-1986934125
-140102274
1681668684
1994286222
-1212238799
-102180452
727157193
-1431817070
1941002269
1801735817
2030983914
547417815
1588160362
1114395188
1862573788
1038636314
-750384842
1579175311
28967596
1108176368
-948614422
1324038532
-408837328
-302713642
-1884041025
-488087767
749116199
-1406257274
729320067
282552113
1491652511
-752356213
2116055196
-1208128347
-1336959338
-1229189353
-362115763
-956823852
440816612
513944596
-522922441
1113751176
-2016376745
-137982856
-2026989021
1434231418
1617088287
-394020643
700286718
-972689657
1842238828
-661466544
1621003300
2021063970
-1554753451
-1771070360
-19129119
99511436
-840919813
-97872742
4691763
147176771
-105376018
980724427
-943992108
-1156199369
115083471
1901424423
1699421304
-1028004029
1194748725
