1096
1096
1941293360
456859987
-1143231398
44094932
1593216025
-2049601827
-587126784
-1422678308
1802206293
1027369689
1094313724
1515078814
1325963882
1574791058
1168043851
-1297132171
-2112305398
2081405032
1915016279
2013139427
363992163
1176251018
-1979819415
1855198458
571300021
-1515747836
1086414171
1768509180
-1758734811
-93095172
1181150865
-1241907643
-175174703
-51732681
-1336222167
1629016681
74712099
-1422901278
2019435376
-1977770599
1883550826
263523215
-834479976
906180682
-1677246042
-1327638403
918535591
-938640617
884752034
-1906701540
50624179
-1950715162
-350603448
-23371569
563542348
307245898
1613110576
-843504909
-459940552
-1349850328
-519214727
992282143
1392673893
587538332
799016924
-315082323
1567706651
-1590808291
-1005232386
2097376121
-1179825808
-2059301154
-1012332028
-1305164824
-809493759
804469879
995170156
43195948
-1935275554
179080644
-6758117
180224197
-687773754
-1887552243
801690033
-489285046
-140523373
815480679
-1540052188
-777370008
1842789623
1233255257
990847628
-1606328533
904201320
238011841
-843389637
-564568452
-1998558632
-65746696
-1216455920
-1158114326
294109866
1396488756
-285165044
-1565134164
-1428965024
-427622098
1263288101
-601244698
597191064
1441740292
1014669402
-1706555093
-1858801736
-524215969
-185725945
-126158013
1097689832
729901784
994724218
-1788178131
-597745216
-69254761
881249989
-742626457
977649218
1316473661
-777265195
2079719276
-2134649590
-1272933117
-346420541
-1538261123
1741695939
1663746851
-950233750
2062678692
-494112035
1335351926
-277041095
821655797
-1688115588
1100939358
500466249
-1323296746
-1207465293
-1100229403
524182193
-1475843070
-1595738383
-1980871898
158192409
1450289161
848028859
337978347
-184217715
-1693559782
-406522469
-1362956649
-1647097965
179999300
2025546840
2074588230
966055038
-23938950
-511928986
-1884835534
1901068548
1882407574
810531488
1505345624
2013148686
-914923360
1280933428
1932418394
-1814388529
1989911887
-1327830819
742023335
1135388183
-738289457
-256116905
1865341400
938850025
-1005505596
2082837264
-1771459491
911170122
-492468594
1307959835
329306712
1421836379
2028605646
-1005247895
-186357304
-929664342
1564773673
1398834234
2060578794
1506473412
606549323
423868368
-969584933
-838963186
254263855
-1989074330
-1208311423
-962844204
508538012
-659296672
790483372
1763965602
1896968690
-36279614
-76319625
417462226
-1463361242
-1840615962
-470251276
-1017513882
1784198154
-588730519
-1441989369
231146007
535820497
1828146534
-891872110
-1350831186
714477522
-503910170
323768018
-1544290159
1185956236
-2135341674
-1136802296
-1523134048
-1181732630
-1355106118
1754137947
-1524801727
841133511
971289442
-492936964
792844473
526035891
-1384332326
357686411
-1086968643
-1534172937
475556454
1526008761
-62781624
-1831284266
1253342510
-1624188627
1587697839
-1225634795
-1467328649
-483895381
1062320626
-250177859
1311524883
-1035992717
-1946009004
-2001216993
-1214909669
-1794176537
-228154836
-601258983
2146736858
-1797151377
158439165
1298050198
1589019659
-415405152
-636482364
1150008922
279963975
474429339
-866942831
2016634879
1305948600
1862019763
-548964263
-870115014
100753170
-517622446
-1174002678
-161247134
-1474107708
688572956
1900903390
1717976115
1864919658
-1033986220
1058500595
1610642894
-2000813180
1628414591
650968347
-716056828
1284707949
2040496710
-237683983
-926732077
-1055661947
-1445498208
-1027688660
656401968
-462342736
70913840
-229461449
1638117126
-513662716
-1161396245
382144768
619906942
-1248699203
1756808189
591206416
1821691777
1198249332
1897744109
-100121637
-1226318214
1494789264
535045118
-1474702759
469208928
-1031901700
-1510818856
-1331506732
-1640068877
1791651098
-1100709784
1321715971
-677951931
1462926583
67508995
-1386329000
-1970396293
-15960129
1509707985
-1419897706
155251412
-795719310
-1966454424
-1942721883
2067029482
1154445783
-1943856201
-1228800855
55023416
395325873
-162740955
-2118619056
-1837948965
-1325803728
-510071047
-1316075925
-880302692
-1124672086
-707123717
1083499456
-68272850
2014893194
-50173860
-433728739
-1782874957
-1120059000
-1249759790
-2087086928
1283144324
711062042
-1328722425
-1509192042
-2144144335
1223192617
1625123123
1307313
-847961658
-45117944
-622872825
-2015777346
-1237321392
1197817249
-273260596
-2123648091
2047239839
-1386076432
-623655988
2087861523
1944730444
1568911797
-8891152
1413335621
286972669
-372214171
297920170
-884801753
-2034505753
2080262753
914724885
-194007907
-2098482284
-349152406
-119817127
1723243295
-809928730
1572277843
-254319276
653585035
760716379
761435383
39416950
1395465014
-86602863
-392925331
-1081518612
1161892931
-830939892
1145785466
-1501836800
202750776
410638135
388496710
926048446
-2053115699
-785674840
1780576339
-1264284709
-335280377
98705320
-326572118
1663920850
2028864645
-1686775055
-1252073898
1053275472
-1646638822
-1719777607
-150187754
372467666
-882153573
-754689297
-610574771
1001854603
-2040313607
1485465540
298152253
988351114
-1818039151
539783532
98331764
1258982684
-420128318
327418917
1744275333
960628078
530552512
-735656840
-2111581189
-609825673
855160999
658980798
954441099
2145114900
1038770387
-76300059
222763400
1411692148
-1284818066
1223110004
2107382171
1118977717
1963610953
-778293557
123319730
-1030011953
482037487
-1298977873
1573396792
-1966144335
2038491895
1069536774
607395719
126745769
747914650
1075531998
1400949658
-992500984
2004668292
195310259
283223815
1711407365
-1099565586
-1981421583
-105765845
379208161
1924979180
-1590347337
369041318
-520380084
120695043
1432878301
-1012269815
-436446201
341666558
-324391624
-162243890
-723089719
-794404607
-1032652516
1203671432
636284774
-1148579362
-1883209439
674394715
-911578066
-1604960345
1961447466
1513552045
809254291
-1957854589
-658583645
258007837
-1871813106
-1397771067
-1699988471
-253794381
763042882
2096749626
1177673135
212039513
1582087008
1713593538
366250430
-1426897782
1313068493
870531105
244690812
253952328
-1149678078
576825110
1133016529
-465106861
1670289844
1818671021
391949575
-750590569
-862153932
693738705
-805267247
1843130853
-1242333929
1702325029
50779790
565016038
-1301996519
-53281005
-930225202
1632077900
1442581310
-1859377116
-2110060268
815864649
2039590458
884848018
-1531794211
127462724
-2115607022
772225051
-535538975
-1060613942
1542843394
-1282372329
1335937944
2007367618
662435489
670205644
-703244289
-1373213212
-516190910
1196508673
1403962779
1659522668
-86135395
-987096880
276022974
1961050378
-1000200273
85979840
697699080
-2090739173
359125982
814666258
1873665072
-1728087522
1631553375
-832592293
1435255556
1074374752
-1844483364
-400847790
10221742
-147069702
-746416304
2010542827
1820960824
1760568829
651894069
1937145252
-663731119
-994216981
-553985567
-60901346
1414427984
1593792872
1297727277
-1948717330
2119590777
1782061616
791048535
-33308235
284778879
-1762990773
641228585
197608045
1353005898
1990882943
2051586138
-1717324283
994127098
703322886
-430315981
-1840035280
1607779882
-1661710975
-1702139275
980472954
-895271560
305421612
1175603321
-1025315172
-1918240699
248632402
-1108583271
-1410595824
924404409
-1002106366
493307342
1874142438
1531622409
-1895445758
1677313434
573747672
371727100
294544899
309901864
-895535716
-1255420246
1136420630
-23128399
1371144057
1062817671
-1543004578
24280608
-323202275
940254367
-1452208633
-1316723720
-120503892
879903010
-307905674
-1884694667
-1559658468
-563626461
98623425
-641573647
1854262975
33156252
433859425
768113033
1931986465
-1037433931
1641287974
-1108552448
-473817837
216002373
1787907178
-1490610718
952024071
-1569848680
1606948489
79027180
79835551
1247187826
1831911312
1052343467
-1858511745
698466644
1019518515
1454073442
-1841865110
791801085
-1614443772
1143885104
-1999164276
-2073451469
-404399390
-573471118
1521832212
1012794818
1900416175
-31181210
-1588874746
-1241718331
1684184645
739980304
-1237159602
1849563683
58440873
-1063860384
1466317335
988546908
-1725774975
1879287188
1193643869
-49879675
-1204764733
149213147
-1032065088
-142373487
1209952687
-993380294
1279976091
-865730863
1586317822
-2095951693
-980532651
591166653
656506459
-636295005
1121605622
-1593293580
-925970158
-299369365
-1889035267
-554884735
-88926201
619535187
-304533392
-1294902433
-1379725592
-271431766
-735549389
1739313471
590225574
1250194737
468774813
2060859015
-55520224
161614265
1073637960
1687535262
1129631777
2063107081
-1397384664
-1402161050
899197580
210808070
536896478
-1578377719
-2031552810
19265293
1745175630
551705848
-352893005
-1716916317
594021230
-1472734671
-1760356333
1650108240
861597793
497809088
1299435343
2029859783
1688490691
40573063
2040681631
121352266
305052998
-987727040
-2061244977
-768057268
-1627521667
-1305883197
1869554994
-1923229609
666723575
-1307517052
-1487957290
-1668394705
-1832351856
1169433184
1701504249
-1890416328
-1580135677
-1227946856
1256125370
-305473516
525949890
1059022621
-1289343981
-416589680
224746249
2020979725
417054214
716590272
-2025891280
13719933
-1328023018
766910567
390133568
662940793
967873016
2099948957
-1468748087
1064269896
640659594
2129897387
601765618
-417612301
722476292
1585205305
-1350240303
229926920
-1300505236
1519049387
2067608829
-1938032997
1571687503
1998070215
-236864416
-220371059
368039341
-851799142
-25612719
1081990928
-181153996
-1904642148
685716193
547476585
-1290657871
-292818158
2117808244
892454648
672868803
-925274189
1007900563
-907624587
-1231180335
608651406
-765192191
300360060
140023613
-96870102
655446795
-811560630
325052633
-1955755282
-997728476
-265031224
-251691879
1756224707
1270558896
1972682441
-421688694
1555587319
-1206633440
-993179760
1883908867
-234767004
-1348213442
-1796371052
-355973095
551729617
-1136881719
-683488378
1219474007
723830935
943433028
-825104238
1318014126
255587719
1560617994
2079284197
250708906
-1175036149
-155153498
-1787607953
-1282112537
-12083830
436714081
-1682917143
-28646462
-598164207
-97677285
2118358041
231781458
-328487633
-489985442
-1254604460
-684970599
-911520993
-358494800
876956996
-638555658
686778924
1506398248
-335102229
2876638
1578008145
-419817149
-1918403353
1899213003
63753503
-394556681
1768243959
-1407739789
1226000611
-1164515320
-1138758723
1117429565
-753501689
-536474725
-873655611
2068747504
-877126984
-2037873144
1270174406
1613279405
183781577
-77286668
-1569676250
-372218081
-338333226
1721474205
-1477730365
508096496
1199070636
-1725480841
-145249808
-559337858
-446956824
1879050488
730089917
2057105870
-170995235
-333475664
-1044369285
-593117248
-1945747014
-1534852453
1397011838
-1631543420
-1752568852
865643450
-1443444188
-1485203636
1113584065
446534111
-2005620202
449630531
1896671309
-990829623
-283653171
-1413440580
625256081
-1480829328
470209880
1654831278
-766029352
1370669984
1676384603
461811808
221793380
-811754036
2006802522
-1337320608
263383626
1585548571
1766851127
2084509625
289083546
-1734555193
1037865977
-1393795740
-1375329598
1350305703
-2067747378
1448453630
1224401459
708445961
264080722
691428283
1020077124
-806953275
-1311729647
-775699558
-1501265321
-934194290
-254606774
-1121249574
-704944070
-2143432565
-710500874
1314078635
-506059570
-759442139
-793635320
1588669737
1112006893
923003938
-875619851
1903751813
-1695178615
-296386574
-1812906635
-580573819
1319481872
-336781239
1542754443
-1225707474
158085143
1637944557
326054851
-1183151682
-169117386
-1774511664
139553978
1283984095
-901135824
-58441631
-321650973
-88747750
-1611979177
208106014
216845447
-457742967
-1609442770
-1747550099
-1417804787
-2083972400
-579050417
-998953556
401890683
923063885
1110704271
1455143814
-984798148
-576866162
-1220832929
75729544
1002785059
407460099
-1410219147
1493540595
587077807
-1655404300
-620804182
-1401151789
1534472592
1884082612
-1261156570
2064981328
1879533418
1460085271
-1304005191
1123436355
-621527592
-715170016
521365132
351683852
975898547
-2037134337
-1306458376
1487529378
-1408944493
1104837945
-1299160139
1739613931
-47341931
-151106776
55909431
