1258
1258
-1492422835
-373247394
716437414
1833314388
-1929081724
-1822033056
-131106043
-138226647
-2014622795
340939355
965520449
1280382526
1259617987
672570407
572373112
-1605852184
-2060287263
-1491661136
266673562
-1292867602
581606505
-1262271936
2074614876
1017790319
-921256981
862425859
-1000221327
-14475005
1277280391
1190434504
-1699838468
758911519
677350271
1654762245
1045010239
1841467069
471759111
-937697507
-1171229288
-2074785989
1503072863
1111670500
782721710
171726979
1989954851
-980893342
-763578649
1405772395
-1388319775
86335446
700073501
139337823
-1945906196
-1029498626
1992022928
1492281405
1147825263
-181148523
1318912285
-1872448640
423975620
-203760867
-1705015888
-1208445281
1413689350
-1457383970
-28346634
-1182741833
-919479324
-587199699
1749058135
226274663
2121595064
-1308628239
1586229539
633559803
579618007
838123363
74822666
1002686155
-1485316822
-591964652
-938331695
2030269925
-1551037187
-2064960204
1764609347
-17055767
-47724778
-741924592
-883796380
-1425032652
1221729289
-1046350372
-1911170324
-2108477119
289161674
1707923890
698452467
159208523
-1024130940
827329242
-1323917592
-437782731
75208872
-173027765
-60651577
-1759080786
188839495
-952941966
-428688757
-473019760
-1060944476
-1585505743
1187769824
1505424009
-582599419
-1041071062
227518748
-2001573636
692039625
2102706748
1513512816
268630057
-667271489
1111897421
-420246950
1121373578
-110282316
-674242230
-937658531
-1111931008
-1334835635
1402514795
1329708276
1618016558
-994271209
-570956613
406227651
1947961509
-430864932
126925527
-1841280752
1957088065
703899704
479910133
475806576
-1063992238
-308400789
-1313327321
1613765317
11430397
-693428625
1299760609
-2028610969
891507812
-1931128499
78687160
788663456
752007941
1752114347
-1764877460
1560779358
-1872993185
-2106138455
-827849176
-1204633053
1398696922
-1837182738
-468767225
-190803393
623837672
692349949
1459576026
-749252031
-1649440154
807541708
1189528360
2058850219
1154006344
-311657577
-346700939
614777316
-101339787
352657137
1607052743
1577040242
-1757554192
-580241893
-26661019
-168014232
1046261047
2116789144
-1515095326
-1770061284
-2116612369
-1977395456
1467968601
407275549
1688595392
-11009772
80752121
2037410403
-198781058
-1253149422
893984963
-634962744
1735536009
-1442886837
-1269887598
-1388571721
927486837
48994546
-210705829
-128699870
1891500524
-198913739
1399488438
-596696391
-1528186925
-3595375
-1236772195
-350703528
-1219314773
-1766397086
1451030130
-102927936
2114211641
1414464697
-599426234
466607241
-1624376983
877075057
-1932858281
1129780055
1935936111
-401981052
2034352859
1549787979
1864482351
439842202
270659835
-1281645380
-731864865
263375586
-340946655
1912599335
875502057
-675845851
1067238774
1064661091
-1033223915
-1666866152
-1339454554
-1546451176
962421223
-1221999375
2132707558
220618866
978047301
-905094852
-197651913
86081808
-787482275
1607342830
1431762155
-795819710
1044692933
-1858943558
217629544
-1573153676
186427875
113733027
711043627
-1715088412
-295935090
-474993966
-484437744
-833716069
1495567349
-1613091159
1498582223
-1360777062
-426709825
-1484745193
-1717771063
-1883858094
284262259
1870368045
2134978821
2104490329
-859577062
371562481
815682676
-1885852837
853160995
957092978
-224045188
1250876494
-1836695419
1297959452
-1427413325
13177577
-663829974
89627213
370571755
215082582
-1859781237
1965205031
1203693422
-1454028251
904909463
649362855
-910137462
-982047356
1352619481
-604886026
-1214690225
-1725421139
659707864
-1319357185
-1759579754
-1035134049
2085846721
-812853183
-826627771
530875664
-674113981
399977701
1389537234
1822556321
1118239162
-978097389
473347333
1094030675
827538575
-57280896
-660560639
-1394027207
518616285
-1651245493
-120267388
1159902063
1729776728
-1827551735
904883053
1979598154
-685163670
1608772638
355363966
-214965552
496210590
470696270
257085795
-1103668630
1238644289
-387971693
1253882867
-1076548649
1731522630
567713328
1308163509
128188004
-2125955990
1420630277
2009692836
1964426841
213299864
445649189
705328182
-1674621514
1706455949
-606943067
2054357146
-582478817
1562852287
-291914
2001678913
-846743021
1341554811
181055734
-214518880
-1807520924
278608716
1027656450
-1314202829
-604439325
-1305196637
-455221425
1404271556
1793110362
-1636010316
211596858
-1488849684
-1566451266
93420957
-1882548131
-493467686
-1212889947
-960945715
855331
-967166893
-894455563
773998499
-1695781218
-907894279
-2023508002
-212482219
-111974761
88594895
311026185
-1864029165
-773805850
-116829188
-569385967
-2044477077
1189707524
318381518
689372722
697864943
-807339810
-1602282494
581933887
480133652
-188688661
-17257151
-1199191335
143644252
911114624
1355116782
1549017821
1378872247
-1595432606
-807127522
2135168030
-1024859354
2116496797
1394038503
548068947
-1889338975
1298989715
-1882455075
-1056092333
-1983157957
-648063401
-1507048487
-230440577
46004355
-1172398533
770354172
-314897026
-813786068
2119809447
633541619
1415996207
-162590993
-906398164
899402364
314654171
-1684372561
83345624
-941158873
159377322
1395119582
1499994315
-1029910943
-1652539304
-241968097
838604554
-2027882322
-931939544
1246478636
-1280827502
1256904245
-472463336
-145127686
-1430679632
-2063188607
878255189
-925689830
-2031026801
-825254779
1050512881
-606172318
-1874305774
752361185
158299858
-1824227892
-801759772
-1074826141
-1057565971
-676092259
-289696052
-1574634545
1095994804
-1570305591
-1197583803
2020234722
681292493
68316309
1108414541
-1818385260
1740600835
-1576079234
-938831491
1801583262
1251034753
788265049
265650009
-1634681029
2019516732
1084668859
558237161
1349978673
326080177
1162685594
-1179192696
-876725230
1703229392
1417089844
-1246139397
1812944575
765746743
1709868079
981440452
1383389741
-691731549
-1175513855
2143011000
-1099486869
-2091148125
862286481
1949487823
-1154761757
-976999794
879705630
-606453701
1412407007
486013110
-2084744096
323396539
-1358296241
1589999837
-1990663444
179418160
704385993
1346695911
538832860
-801940112
1041149648
-239338543
-2090584146
-1103949223
394305880
-808654879
-524450452
97758249
701107593
-806441953
-1971394291
1450011405
-75257405
-318971133
322727963
676260855
-824450078
-1451825041
45434005
456599476
-182160190
1258307806
-1003989482
-1517826243
-1683544059
1562623966
-1293422282
1364236620
-845620205
1400775099
914680111
491345202
-1628570014
881593468
173029315
-2099652889
-700184586
-106779629
-1904461987
-1398009758
-1656242645
895049167
974445430
-1271534549
1731738546
-1155653868
1989708602
1030602029
1218643416
-2011843762
-1099857302
-2018158640
-629820914
1510192419
1361697923
1731536967
-1455038555
-200931609
556969504
-2086544859
1484294616
2108839509
1505284252
1979475254
-2080508401
383494010
1971864571
-947547252
182960738
1144068852
-190231798
-1776593705
-1921853349
1313235804
1265673668
2127000314
1383548928
-794190336
1299090934
-72582182
-2033430769
1085375189
-1623303642
1207366776
1833898123
250224555
1307765425
407251265
-199311241
-1850371422
-1745205965
-1721684060
-1819719711
924415964
-334167510
-1757287195
-112220895
-1777795469
-1113296675
-456575439
-275149726
403101869
-1000565382
-435397135
241437793
-906396818
-1365940866
-581057950
11484020
-775986963
-79108519
-2093534875
-1469370162
1689797291
1099043408
-867813997
-446378495
1968406175
1759160229
742891668
-1468588861
-1576854603
1877231094
1365305008
-984726284
-235527815
607878626
1199251366
1582653151
1123301135
1523169010
1192018108
272147904
-757088922
-1616572491
-1812175849
821677701
1443027117
978033708
-1055379124
-1842575656
-1801511675
-1494636952
1078115126
-1966251939
-1921068425
238081393
1211066121
1803922488
-1010695129
-1119854998
60141735
2085817041
1259392714
1954325490
-2073829326
-726551589
-1442864555
-1992890420
-1125186334
-1546339695
235498230
552334017
-2102965993
895996482
172938567
938137284
1723134897
1292523280
562635201
245575511
-1571575137
2137759476
1334983534
49054766
-469316938
1743574788
1053492706
-1416711663
18540739
-315821832
-1664870805
1315798534
1234554851
-366517014
1461472391
-348670290
-319319791
1020709724
1623981461
664569839
-918259713
1792578431
-531978289
1695540435
2096691498
1084185010
1802002552
1162947503
1426451752
1284874824
-845975215
1618307207
-217797308
627768462
64346449
258529712
1656218956
-1780362741
-698506092
-151938377
-236507480
554984969
756961171
-1686660735
-135214930
-1400125100
-884430444
1131690419
-464649675
1374406209
389671524
-5354925
1241262184
-2069690127
-2124812476
-343068241
713363163
2034173910
-1217670368
-686263427
-880835357
2012704886
1246975494
770110787
-971944927
-486728593
-1518024747
1418962169
1988191328
-413871430
142371380
126051820
1132642464
1019631923
-1493860922
-870160412
2127346034
-85157288
-1419219301
-277001079
-1810378618
1459348305
-1009069079
746372866
1575655810
1402961455
1250113275
525361630
1644944404
-895472520
1567479145
2097166135
1462518602
1125729763
560910984
1542055700
732638752
1192918879
-2138993628
375490575
662664538
753966682
1769735788
-1174155721
445004436
-617636802
-1711758547
-155073481
-1845029737
121437759
1791465539
-427003209
492711149
-457087661
-966993589
1141447169
-541973833
-1923835262
650537117
303882728
1151649469
1931975519
822231929
-911662108
894108870
-1683723563
-1387635329
-1128287359
-1029075415
-801920474
1516265316
19450106
-658957917
1473527345
-2075517726
1166701089
969821291
-1808694029
-1467288080
-14963327
460234883
1017700175
-1980393677
1338741701
878500945
561484561
1475661235
1885811547
-1522733202
-581547728
1608606162
-976289196
-1160230724
-1537758125
-1108988551
-1376318835
1208547773
942926742
-1118641773
2138780691
-18662621
-1132255859
-783208770
-817671741
1511663266
-1123745912
-34126529
1497945137
-99239411
-986452712
435019831
-1907734837
-771917920
-1085871150
-510701548
-698942659
-1319356518
1236055890
2026387529
-1042315498
70713103
-382223998
-1202064319
1050539946
-2034634757
-1813890276
-1196828784
762503226
-264526182
1753651308
659012971
-2004703662
-1534552074
1801420378
2013895514
1739632754
2137867712
-102730841
1178667819
1129077488
378493795
179778167
-915734486
-1549936868
-166524842
-1396009457
436804494
641685668
-1769264207
169091294
-631811019
974206266
461907203
897408705
1384637843
-564274573
1795317345
2109384578
207272424
-341000718
1276830658
-424606303
-981154895
856796101
-125985910
-812825257
783219296
-172484850
-1135217564
-108105769
1427893838
-1606397723
-830464940
-354011434
-226613264
1048496509
-1297214197
-1640623027
-797391287
311148421
182008189
710419069
1189548191
269746640
1640892593
1804529715
-459346063
-2000574665
-416724521
388486477
86868135
312336574
1526390175
693078908
1649163019
-71611915
632541383
1922109258
952128759
2039110560
1162511350
-1686958754
-180526512
338683033
-606536504
824729599
1509907890
-1588613899
-1549355991
-359898922
-396390164
-465852570
-909085210
149689079
99291310
-1382394657
-120183423
-2136381150
-1179074687
278740605
142572612
-220844987
405277686
302688677
-2046421864
-1229437371
269540898
-1813255575
1468290710
-1996393219
-1879021495
1373894703
898505182
2057349510
463851224
-1941428076
-1093594968
2058590136
1414323096
-1387318131
15224856
713243121
-1972096992
1380510671
-2005956139
1742621972
-1116755060
-451724687
1175964379
1037109460
-2164885
1848075470
-800533616
1441372210
-942968835
-1209754192
234315029
-114485692
1858067357
-563389782
151642079
-1747381449
-195058308
1051658948
975875973
1447683478
-869625969
-1986391203
-562069542
1948142539
678760394
-679856307
-290740418
2100634086
1349307534
-1565930423
-821841359
178925469
1350823007
-523476341
1345199144
-1463594349
-485151527
1044103858
-1361690204
-32536356
633205988
564946406
-573317249
336437184
1577768486
1423887423
159036296
717785791
954610105
1554339175
1105924690
-1691113771
184546333
-186876035
-25852343
1207004671
1348508784
913158204
1924189189
231956221
499712732
1951591516
-939343902
-1526063784
983798352
1259610424
1632768207
-840364634
-178067087
178054320
-1818243994
1485894156
1903498963
114544464
1118115901
973687555
-1666063261
1447744689
-1249727365
461930591
1302193704
-1712177633
-1303059539
-1910040947
1531133994
-80860293
-1990691878
-1103465444
368859057
692633187
-1904663340
1515715454
630973362
-1304865905
-2082138159
-1698071282
-400486266
794521213
1859417145
1799898453
1675471581
-617202864
308186560
-1436267640
1407157745
-601896203
137549751
72434773
-724725506
-560632441
-442680929
-366240546
-2038673424
601149172
-1583179521
-1755078139
1250208606
1943517664
813411447
-1927456790
224611255
395224265
-25072620
-1153972815
-1655311430
794062187
838841060
278313352
-1953526229
341304933
-979900979
-59356953
2024989379
-1872880869
489075610
-1455451879
940516967
1342860766
2059223638
1254783996
-1793533283
654832714
292511197
-1502573308
-1622364101
1296152047
-1782744145
789641861
-1991155360
1326297395
1618651143
1516672817
-334973272
-905393545
511422508
-1407954978
-1668338790
1805650295
-832692730
-841662068
-265492891
-819607306
2072697075
-1484149850
-365824308
-2045264743
-746487845
95044232
1088622685
-1608191725
-843657087
-46160319
-1220856856
-1345246590
673296412
-367787623
-57017297
1854227736
1211607333
-357493419
280855002
-1917682691
181596786
-300076103
1021446829
-592921996
1921602436
1433268301
-1445922820
35543868
-996378084
1869580260
-917788579
-1888880072
639735059
-1962130215
1993752735
5586001
-427341717
1712284571
1538363387
1199157659
1736330912
2106801004
-1290632311
847721910
-1648731324
1679994725
-1449599755
1038447222
-280620342
730999741
-722591630
1108895942
1149119393
370455370
1905323501
-915790903
1433734276
-682245818
1952463238
1071249985
130120720
1806238550
-21162181
-1535901132
1439708566
-320000056
1313934822
-533095732
301561650
1389329436
