1445
1445
-269343383
-2047987585
-1843864292
-84838459
1593648166
-39215249
762781245
1967869744
-1827557451
558094354
-1950712315
-297747707
-2069674799
432253461
965478267
-1166073940
-796050798
204790141
1273816469
-719347438
990332129
1676141071
521694409
1727016620
1983588903
2069892338
1451534819
-898446405
-946626489
576371858
710707737
-1823303726
-1410890546
1084560070
283897948
1308777365
-1658592151
958616884
-785953808
1563467202
2135590294
-121654284
-1141013442
989430901
-708711778
-265529741
-172208664
-1551956313
-1068564798
-541142375
2092711198
-1038863881
1608508084
141128238
-1475663569
1504741549
-640512952
1446570617
-1256147613
1227668475
-472306325
-1509725654
1074926343
2082096773
-297167277
-1151327879
460804296
-702829790
1975781112
-1815304050
1837484868
2025544676
1123099586
-497555421
-1811377442
-1222931115
-555875965
-360683417
-2112300335
1874426371
-277316441
325986853
-838482553
1864555071
-1457696855
881749541
-855891413
119837728
-615736120
1008340690
166981500
-1998198834
514907898
-1116385252
1467135972
-1378640900
1290761761
-1428010593
1024400073
-680333642
511263356
-638759164
-1282205919
292310620
-1291517089
1988950695
-94377140
-677765395
-37458650
-1671053702
-678453731
1005064073
-637523353
2050694952
662537529
1502856240
-1361691546
-1751712387
824204452
1160239055
1956212429
-1571712508
-2009742440
1452702333
185062044
120258289
904409753
-982962175
-1199999907
542219329
-1718239547
-632327529
1854390684
-188849633
-1225834896
1034829299
-742305386
-33352311
168600304
879675014
-888863440
-1245963469
646749108
2070601983
727364138
1922176171
1503843995
985259540
-170996332
1825942461
-782667390
-1794580863
-1522939520
1317154840
-763399905
1079370576
1026759160
270134065
-1006153459
2098536027
-1124395726
-845590937
389415207
-1958983921
1076241154
-756261017
-1187781608
1378350962
-997789809
539231953
-107568334
2097894758
-1703111351
-1184946917
-208409729
-2116383698
2107961882
120951221
704276501
1487198769
927112155
-2001639314
1510968750
-1923401986
749283337
-238728939
-1807348873
-1974676080
33143480
1056206179
-2069236440
-1099757870
1604653255
583776536
-316868012
-1673904027
1053260116
-1172756381
-1437712639
1678658463
-389647758
-1967046522
117352827
-1916018473
148823321
1021863609
-1998866075
1033515743
-171049891
689979727
71842832
399716049
1437512675
245860119
1913352719
-1798736882
-1043875440
-53681916
1616149002
-2069411709
1654566530
-2006203888
-1593240366
630328622
426726211
-997959332
389289654
653391584
-1570419909
-2124545381
-572974572
1551241028
-840293529
313907377
-390576334
644399647
373329992
829509270
1021723982
-1553368359
1019287325
-2107182464
-792090381
1306793531
2124125779
1347272513
2052092813
1843866745
1195663676
755343341
1413838912
-1031374989
-169155841
1819412927
165067252
1963383095
1858272463
-615919556
786110132
266716874
1472828255
885888921
1970721848
480647976
1312817045
-846689959
1134813632
-1050110328
1302419069
-1252708550
236708642
1257672163
1435483264
1645910097
1869568294
-716599625
-110676011
1431579763
1123449617
335739655
2097591862
1387844055
16618879
-1309482585
-29935145
-1132705543
760742517
2063439541
-1541119597
-1141906752
681709238
-358363030
366526568
-1577716510
2842709
862538770
1893972005
-1542606713
-1509379445
210911064
2037762913
-286048468
325384906
-1133504057
-795108689
1093290442
1477921554
-503686515
588185871
-1937289673
889456002
1761115777
-1365703770
-802265397
405091633
349063782
1417054385
-1429968827
-1031856066
-414452367
266144183
1761180144
1996711717
-554174456
-539249410
1298304001
-826915500
-1553956148
-2035764673
-569814973
-2020686083
-2107711015
1697742492
1886427381
1103366189
-283684788
-608136239
1615151602
-540618467
-1759248379
385470122
634521618
1900553160
872569261
-560838476
1372517072
1587711677
-624576262
-1606444745
-1567935444
688216374
-1836897999
-2002407070
1828365010
303946856
253617644
1959380936
1360933500
2095881756
978625565
67372811
651234964
-835125122
-1536432302
735114198
-1535493348
116366132
2027022138
-1350648304
-21176366
-1562078798
1574750567
-2067664563
-1790991986
1681160908
-242470060
-285198200
1061531119
1679011212
-599557974
1557604623
1767529782
-561707195
-1241388610
1901086910
-1912959375
-462520601
-17627554
731038575
-1540021797
806558101
-108488499
-1745452112
-1964100222
1482626164
1458371851
-1822186825
-1006172118
955013062
-289662888
-651926638
-1436113295
-1804433610
2094384379
855584162
-1090664909
1320633205
-201017793
1188117065
1705145391
2135453957
-161408834
725215714
155613162
-2003593133
-1794739487
-512625679
-640314925
478851851
2083031462
-1133975909
1261893543
171440807
252399012
-612008
-289426666
195529801
-585231284
-174721306
-719731033
-626592309
-155541136
-503840128
679361752
843579411
1896662281
-1357857713
1281262984
1142246059
1437569332
1950247201
1518060953
-1883468656
131689597
-249134760
70319313
333155913
381715552
1796016932
-1952504320
-472239813
-2022349812
1997202420
-239553176
1384978491
-536235158
416984361
2115770712
-385759899
-155884964
893079564
847454489
898515243
-1978874807
-748532478
2005364238
1582014128
-2021761063
-1444460034
-1445309674
482603350
997684989
1278579766
403752501
68257685
1325042481
1160218905
1342851186
1748401934
-782015995
-46458241
1241769986
-95353377
-1094169127
1712185890
1826013349
-759046856
-1541357849
-1396541364
-1795973553
-1516244690
-1638571899
1087898065
480486923
-936568369
-388086101
404236608
1781541148
1554864502
936898483
-2117142699
772933221
-566023073
-390062496
113458865
1382759946
-1517765251
-1466445790
-1482846516
-1676436650
835130506
104321942
1675026986
1051433182
-1222012576
-931544237
-551060532
-1497963801
-379762553
296708323
2114037737
-1594745852
1223759118
-385954801
-1574218787
-751974397
-1983614050
-1093045665
977580385
1530036489
1998617291
-1071017248
2033801469
-372188420
402097325
607666727
-662921286
92379424
-1468179025
805034646
147395610
1596004868
1058213030
246293725
-467249588
-2036654689
-291600347
1065223363
7847835
1930054069
-786961137
-1691832794
252284200
2082541695
1335560812
-2038258112
-1699118632
-1209541238
48584320
-122088149
-21810289
2050403550
-988438247
-2120733786
445085597
-1592889245
-1258023128
1839964441
-1997954440
-1135024256
-2116129901
-1076195882
466914987
786156805
-199411383
-1167055455
1988402958
2073460554
1017442966
-1600711054
-1697435593
-863009128
-1657409096
-1117417608
-1487721168
-1064723001
-747340111
1660171361
1297464170
-93445849
-1156915618
-891649832
1559835120
833947555
-1728790840
-1643159473
1221840863
1827719715
-1021012807
-2066416130
-2047941099
287759666
27836050
-733802198
-153196505
-536633119
1384087643
510863786
487331992
1451420394
883305756
-1199128410
151831624
-74150121
1793134954
-554233438
357122346
-1797879324
947843908
-384106566
1957438522
1291104611
2067020575
1758432046
-727686483
634916959
307698238
1458805537
2109493865
-2033299516
-1366867385
-1053810787
-197673545
-428617155
845218323
1301401562
-2147287498
-273586657
377805765
1426720960
-683650286
-1429687931
-163977187
322998185
1950344822
628669627
1199741710
1081621866
-1389218242
1911963359
-555696755
1709495699
650892273
571052229
-444682069
-303002122
-1622102034
1281255963
1430343141
-1395389850
-1272159260
-1137718067
1923545275
-1161047872
1017131143
-650329430
2106439038
-1805485777
661037696
-1248276153
1766021486
-1359536470
-1296559452
984959011
-1495259132
-333720639
85620072
-986788597
1276998027
2111840153
85601684
1639762624
1507788532
215467829
632346167
-212425258
-507537685
-152148234
1073362906
-1652761634
-430094299
-1071865756
-2144936712
198340807
1076176123
-1004806098
-1767966291
1813335681
-1791939524
-1635647377
1849662124
-548767006
-1481237698
-713143502
2026327926
-1529002035
1354450230
520462648
-2111388728
-1933647471
1839729609
550750456
-306381740
914743182
-1411920670
495200742
1020144308
291748637
1595824582
1818523640
-285258597
-574598991
-1405858972
1925714789
-745534899
-341192903
396609521
-1261756241
263161936
1799993801
-1572631116
1424006372
-1159716765
-1267343496
-1093183714
1568076319
2032743855
1786670475
-1505104867
-1699557291
-619341764
801669074
-2107214671
-1007137203
678439846
1003934546
121364670
-1443457296
731366671
2086174500
-357664476
-26564926
1667134551
15718300
359198220
-888021584
-268981110
-1209933908
-643860860
-2054330101
-1883504742
167832714
942462286
-628897324
-104832691
-1540661360
-1665509643
1264450362
-240507528
-824075676
723590432
-741212832
554184045
-1761308328
-62633174
1195690082
1510799537
-536829933
-1802967055
2116676505
-1660121870
1170113648
-1693873939
-785949410
2027710775
-1511087194
-470738299
-1758970483
90372185
-891224664
1263098269
1022465035
1518810801
945713869
-1925262733
880297609
-1953988846
-1692516429
916813995
141021769
-1831750919
264033121
1101409447
-1187149664
1809461763
-54041685
-668024292
-1789635586
-1160096610
-691936294
-1119659039
-1468446421
-1405067773
-79478389
-790023926
-631142189
858659171
731778007
491786037
-773966524
-32074144
-1102452556
-1872679389
-1389133707
-1911113538
-1297843046
2016356490
-758901175
1740634
-1561941911
-1540608472
1217554197
-1584617894
1989493129
-1647787237
-1456630177
745261221
1921165394
1114546287
2042106345
58123413
887677102
2079361529
588387565
1978009579
-1703276291
1287728482
1880267689
-1641896189
-557872328
-1613734266
1214090013
-144661688
1425917016
-1710275330
-2096230126
505201897
1230364152
-1299099909
2052620382
513579980
1245947449
-817300139
1639394662
903281602
-1021234715
-1665344285
-412479772
1810597884
1330083030
1879195916
139011818
381878718
83197080
823169950
509999143
920211026
-1919012531
425283038
-2013754521
181233726
-1059667759
-591532321
14207328
-412962888
-1910630370
180257559
630009002
-865972646
-497545488
-531590866
268701711
-1165843951
1448946091
964132889
-1818419963
375776091
1856640380
28625511
343711351
2015394481
122176191
754422491
360365003
-389367487
-725925472
2098753082
1822220320
2007558367
827639044
-882411932
673698263
699393853
1745579945
933231273
-499302827
-270811046
1628360587
251027797
-421544442
-1640956872
-1290458231
-601223540
-1000041308
-711420975
1023805256
1439589469
-1056263752
-1320042165
1215201623
-1751437296
635614561
2092179306
-329584748
-1614407486
1068236115
581946437
-1140630067
-1620319436
-1912144350
-987724996
1668207274
-1775657249
-2002948928
-2115771863
2014019273
-1972170678
484768836
-571322924
-1569179094
-1422594912
103396332
1321019820
865989580
-920208772
551100773
-1895016780
-402786408
-132551673
433580873
-1312805445
-352047490
936183365
1597999080
-1988335408
1467661533
-1045894741
158997578
60010483
1546560296
-631795724
-561068172
1976745231
-1700051771
-1258302668
1708187114
-985314521
871168312
1323504173
-733423243
1459504336
-1840706688
-20396576
39190822
1049617887
1254869953
1763007591
1970539930
1601684578
1093900066
1492348161
905989502
-1299319597
-1967523336
-1244423826
-863105451
-2050638454
-1152757724
200847485
-2062398088
-25064077
1490519992
1544218082
1680536926
-56415743
125364704
-1442434227
71707421
-2120464286
-1458565633
-326814025
-1984794576
844301812
-1833411816
-72670722
-1108829062
1609626614
862108527
939823028
669840523
569027202
134637167
786452787
565501985
-1913055557
-1661344562
807307764
-1118632720
-1868761022
529904366
-628773856
277072293
-1789378067
-915135098
747776615
-1102019288
1213223354
1035498625
-777063663
1696587297
-1362676735
-218034138
-1408104366
-940695874
-2146867735
-2008570760
324651489
-204439374
-1605317860
-1707905313
-860044341
1670559104
1777650366
1871235591
1550259843
-630313224
-901068902
-659876857
1170066494
-1060180990
1310287774
-2049682746
49393533
-1559114342
-256614775
603470489
-1596950805
-1234913254
-1342328862
-411141327
-883139992
733021375
-1713071061
408581812
-811637403
-1879242907
-1127633578
1657063208
1488001650
2100931733
1320326776
1966945816
-29737964
-1438813247
-1498424644
96602737
-1288974629
-1124185651
-1551798375
261345452
-1323587404
-1557133359
-1582903737
-1230307023
554312059
730176029
-1260771218
544680186
-763774764
-248573059
-323111904
13990007
922404155
-1274072899
-1384299767
10935473
1339719768
113709167
-1298818843
1330382513
-1765407593
-396418325
-15321807
332399906
1311182840
-968845674
-1832287195
1676694581
1275699235
1688388711
838511328
1622902724
-944325697
-339451737
1431266021
-127011910
404880643
2139124727
-1818257210
365295281
-1660112500
1095458967
-1608793570
478137052
1201316721
-626755612
-1766973757
54722854
-1102979180
-473111518
-2037229252
323619483
-591393478
-530781573
1793210992
-407997433
408234718
-1654863544
1905091744
667596764
-198392767
2065086094
773671319
1137494616
1591473605
1546371786
772132895
782418919
1231802619
1540203505
458644663
1327320517
-1613957510
446409905
-408538750
834254055
-1425377038
-188648451
1196579201
-1891645669
-866165376
551153864
1943180036
276684397
-21803709
-436072945
-833753763
-2026914099
121130030
1689385757
-1729163817
-1245500946
791447839
-106644470
-788312090
-310948496
-1788830928
-259408252
-319867745
-494768320
-11288499
-172722479
1119212906
-625247169
-994250489
-1497741036
2105036277
1929076001
1181801894
2049917646
1429033323
1816409495
-134076284
1790339239
-1289724187
1912271280
-1954909800
-643654546
1120618784
1751238012
1298138961
-1246666914
-929823376
1145602802
1311068325
1530459299
1378088437
-1932400109
39601256
-524834789
-1112726773
-1266985138
-1915125279
-1656079008
835000326
1367766054
-862462311
-93598970
-440117473
-1380266479
1206287734
-540965343
907319464
342849443
-596065527
-757513719
264718727
36378604
-1215251677
-706107296
-1770980127
-718599139
603046830
68119892
-841104108
-1341620367
466784441
1064502305
-2114082837
-507732662
-924656172
578197465
-1851284980
-1229766247
-1477812067
-255570841
-943395403
397265795
1607192731
-334427183
693993639
-1288833471
219158602
585655228
-652610207
-1489314745
-1463090314
1109014325
-1453436015
701532327
-1125384500
-609531731
543452103
-1737704776
237157549
-189407163
-185353621
-1724792846
-1649880251
-21491124
29361649
-1404925924
280930268
-324965883
-396940214
814307240
1773878123
550108333
1578750877
-1773355939
611560562
186198203
-1656622537
1242343478
1589150216
-2042460823
481649087
-178530678
989074483
744736371
1653731757
-1744314516
802596217
-826894306
306425084
-467362476
1639055799
364230523
-959625443
1236650238
1777317424
-1354446100
-1745492945
1962667921
1680488168
-1151418649
-2071023507
1259874052
-1742568142
-976835847
1211497191
-301194051
1498491784
947094286
925157237
693279354
-2123717990
-13690641
-1578169369
631635316
1612477353
90518027
2095975553
323623873
-926307308
1135064441
-963671130
-259054599
-1805486542
2000238141
-1808023342
-460651748
316402531
457137609
573524685
779107507
1921676129
1431501511
-1899654883
649568564
-1796061989
-969164779
-1870444357
-1564178774
1975966532
1610727440
-285732854
2080466837
-1693747737
-731918315
2089375236
1928137742
-1177291714
-163282875
-509083466
-210853585
591831940
-1631992953
-1944746258
-733388111
-831204983
-1519000622
1307865393
1575926485
648624324
667516588
-1549044238
796392584
-1205298770
1372734957
-1537104639
-645981247
-2007886515
-837646136
1917670977
-1071642579
1322392846
-754333429
-1384722530
1843564046
-311161896
-311762779
1076549181
-2098798240
-934560675
1414560617
-1754751244
-995281091
-240013134
60352784
1851380219
359862657
1109499681
-2086761596
697996772
-1129897807
1152677950
756180315
-251472440
111075352
-1964230089
-1609397087
1409365698
-691580877
1058612592
-689011238
279670945
-147033266
1090856527
-1012413626
1202650584
1095331950
1712031827
1398604902
-360163655
-703758223
-1718598037
1488105919
-451531806
-1818228364
640388229
-1774956323
2063684599
1943047284
-938262940
-2016068454
-1815519087
608520503
-946497610
-1083650657
2026966645
-1501184916
202717541
-1889698005
-2033908472
