1659
1659
1068260369
1042823213
1098849299
-362112766
894252564
-545193874
1631598601
126584418
1842697533
39920450
1649113376
714003873
-796848054
-1648140078
-1725860465
-1583456214
1648731995
-1872002075
-1936709196
71018504
1810682768
1088414393
-669169060
-283248928
677850352
-2076600042
1766651713
-1453393886
1799654028
2130038687
-666725933
1452950139
-1668300573
-1966889878
-3032005
-1963490163
859660936
-1477474093
368166044
1096698082
1211328257
-1983502195
736493723
-2071100131
-605430798
542518777
-1047405279
817916018
1174602875
1889105850
-1852332449
1613569367
-214201635
998478729
-934458350
-1606323589
-386291613
503091781
-696080889
1934401271
2026661759
-2069067443
650706145
-779840061
2140824626
-1477618414
1352915738
-129459094
2119282353
998076647
1694984775
1986664705
-1293896635
468187163
-1962352481
-748696747
576344690
-431807416
250200765
-1395202717
-1364887461
2133318893
-118555227
-1520912628
-314901916
1624910906
956374276
-420290295
2004515865
1875094827
-266133061
1765491483
-230058930
-1126283560
-1516127074
703076743
-1874948218
1220462858
-1951075976
1573387713
2043311256
-1663812079
-362125742
-2073248153
1475096463
342492628
1750000372
-1500036496
1647380178
1900547624
179422380
-1113461851
1449442948
-374490011
1137011277
-469095345
-644477395
605641782
1468783738
68240433
87706777
-1978193999
1773090340
-59287368
-1970964992
1265646759
173642064
-741122960
2142892134
935531324
2132311069
1950185914
-645549500
-216774215
-82560507
1646851260
-340218008
-1015031392
-1348250270
-39470952
1526378521
1746930176
130499892
-1676606497
1524954750
-994004213
1990667041
1556080711
994465343
944416485
1055518140
749048220
1520345708
-969124930
1059140361
1453492212
-314010210
-1019088094
-1567948991
256467238
1721210971
-212804977
-578290735
649631100
362875326
1372504391
1719708328
-386896985
-121704873
2072448872
1993607602
-536399885
1398024527
-1547859399
-535926113
-1022547269
-13065264
1926164933
-1068530968
865405470
951453347
1254450094
-105711598
-907234574
392423962
1850709818
-1543574476
1348316408
-2118344657
-169392463
-502247753
1602985553
187825389
2128894443
1035269469
-193295823
1461436686
100640292
-652230268
724420305
-1269855515
1939953426
-719104598
1382801066
936145278
1636062521
1931747123
-851259169
-1763529214
2147040637
-243615638
548103418
-186517664
-2102870535
1695278789
-2040429093
1004500010
2053008398
-479479444
83023852
97412796
677537725
-231371780
1868824217
-1858799710
-377921479
714797447
-1881127681
1568195131
-402141769
1606929375
-672227869
1549076377
-11635575
-338029805
685911781
-758731861
444826986
1712329018
-1320204
433610910
1928130331
1169692270
-1651146748
561751167
1163244846
1956178203
-1480139778
2067887396
-494837727
-1321568647
-2097197832
-2104500660
752736941
-1041594538
-496050011
304072197
149246048
-992903911
978085647
-580871346
849797481
-1943577854
728595587
-1642738948
-1694089294
-1613127754
906018507
-1654907167
2142210356
-1544113414
43622818
-511481047
314438533
-46404674
264279652
1242246663
-1075241803
1466921565
909212421
-690551407
100013403
1811907363
438142019
429531113
-513378326
385144079
-1822091489
-1631123044
-365878968
1960716505
1561413000
-666665394
1593138849
-1170783178
-325328295
-2047467627
1305650295
-2077368999
1460691078
-1455540699
454828797
533412541
1140781457
247718190
-1581200475
1202817825
1876858690
1477531649
-1246389257
-33015340
1880235158
38543865
-1489419868
-803028174
-980473353
728721560
-1817875493
539086190
-1083840339
701941744
1995660762
780568977
-547690092
1828405572
-2057398585
-156458815
-139705585
2017080302
-538336577
1973367238
-583656900
597196930
372664623
1459725002
-1950741656
418527795
-1922790301
871264
-296737339
-802583947
331198044
-2127480121
188706394
284011235
-48189723
-1678664082
870784570
1457330531
-912640280
142118074
-1639903240
-615224696
-810932995
-987613177
-1189539751
-1586667977
-1013272765
107662829
-711195061
-1295508852
1715949171
1732544196
-744675818
-252530434
-1526806991
356559209
958309329
98652608
319610533
-1184987327
344889622
1210831210
-919755958
-369118083
-1023405575
-336894760
1492466437
-1531903841
-340560587
-782387374
-279663239
191623997
-406799448
1293991661
-619370087
-789786363
1122577153
-1523780816
665362814
250965248
-524449865
-672544263
-1555574918
-535475686
-1566510532
-502096223
-1773995924
-116141854
-1358961806
-891263138
1508638549
-1667129971
-476709795
-1773216535
1691721259
-624809408
-1290494694
295303264
-510863379
-592488050
220690192
-1736774804
1773074423
-1978882754
-973894044
813299366
-1970294121
-1520962222
-1023385934
219988534
-1614267681
1608672068
1984042745
34544829
-1136565828
-1451528814
-1879629611
31343732
-1999105465
966614909
1819961076
1455234709
-2116239526
-1752043252
1867452098
961151225
-140274074
-1728945321
-4089497
498397698
-479949948
-900293375
818257906
-63995206
-1912106295
-1589966075
-1267294506
-595744964
1399495390
-664974923
-1223326572
-2012139182
1869880526
-582231552
-1262225479
-527445665
-1004645087
786786035
-1680242677
2084422015
1171552810
759717762
1388199679
-993689876
658277277
1551624327
1996047213
2037855651
-1138927772
-131634423
1255769222
-1700740538
901410738
-264355135
-485908475
38366788
-17084841
-1059499814
-859867228
1168820790
1564889430
-623872264
1531652561
-1938666868
-1453605708
-1958592900
1204838817
1567459944
-1695085166
240660485
993014276
-1644341047
-1077286274
293248825
-1747390406
952759276
-607828731
-1290867004
2056569221
-1024125202
47874188
-1509453664
1975963680
-1683178058
883405407
-1505933673
1024613231
583779089
-299938038
-1006803195
-10086537
-563888867
-445851417
565258722
-300314737
2128460779
777872376
-1170324992
-1066303401
1276497504
-1565785354
1510033040
1857772777
1840214363
922710441
-1824083734
-427855025
-467710692
342331514
-1708166516
-850631628
-1194793757
-469859002
1463445347
815129053
-1605034793
-801467020
-478402487
441182809
-581912023
-1027928759
170066383
-1167134473
-529514119
1462487162
1618809659
825797368
-775366792
-1316999166
1418910164
-88575099
-1591474227
-931151562
180923484
-1220707614
1569625660
44790294
-1726092579
718812388
-1281311227
203720420
-1161238872
618642080
-2130672758
900902138
1432012442
-704703644
1082457139
814771928
2038885281
1796839659
-1486114667
-1518185092
291346814
2090134219
2139061457
-1725019402
1417799627
-1484118734
-1641901254
1089344059
-857784512
273108689
-1289517766
1672538168
602072881
1722102295
-1772128651
2133697066
-847091878
-1941629534
649190958
468180268
-1415593505
638388210
-908821782
1201672977
-303511155
342930015
567827538
1861199987
1079973989
612362060
-1274337443
1901021196
294283867
-711762019
-2069235538
265756484
-1590730661
268655461
888506682
-739389430
763424652
1473976804
72448301
1762929638
123928791
-835232592
1532159246
-1589048241
1790510250
338520625
-817845984
123853881
-2044494088
1845183314
130676491
-479615246
1111216004
-468123532
-1243733572
-471744466
-1282557345
1288604070
333104008
-1998825120
411202735
1399856659
-755785065
-728065974
1030306225
-1651024197
705296255
1574765271
-922375168
-237645723
358545967
1940804648
2077001494
-910620460
115857678
-1369567508
-948214509
-2117600456
-87589277
-1092525836
1279302845
-1734076441
1825884151
304491526
-126583865
1240478540
1096422648
-1974646800
-2143985322
-1521850337
-1364898273
293491168
659324096
-591042346
1422773269
-1571250958
-237423466
1814099035
1468514322
-433448949
194869732
1640522238
-1053621561
575552740
-492467273
664369324
550333821
-1717281687
615116510
-890960543
72294782
372104259
-1624072715
-1002576677
410608051
651835827
1299101087
1740797071
-1400446322
-141564511
-2078007022
1893179104
-1783188438
316558836
-800126249
-133433714
-761714001
-155801564
1749095890
-1303603860
1519937787
625889548
-309550464
-1258507691
-1582534274
1244059140
537437312
1847337568
214229349
-2040202449
1006488660
-910673582
-814695942
-262057199
1196820840
296074580
15653962
-1913504925
129214546
1496965605
-1671947513
1754813226
-1109028518
-677151215
792594096
-72106491
-696095939
2145710563
841471982
-394671929
1271703086
813854487
151592001
650625861
-2036485347
-1241540333
-43775781
2120819568
-1288246470
2105716760
-763127861
-281786971
263908284
-1750942796
-329788578
1623350851
217737694
-1580636037
356578241
-507744130
-882130135
1575521526
1421619947
1677745778
-1378562568
1741588954
-1162904903
192833146
1302507065
1147402620
-1623240358
853582275
-94129552
1557160580
1609345004
1880315931
1116962049
-1389698592
-1100058777
1826503950
-2144731730
-1892220932
2123700154
-232003021
2070019933
352134447
-456893133
1084107459
1647595038
-1877909128
410126371
-1008538518
1330690413
-799900823
-471956799
1898375521
-1473349965
857111138
-1373214386
557866940
-1151227886
425271298
488274042
-167941632
1190923106
-875297573
1799192070
749128952
916133237
774851684
-232902743
-1887351096
-903479902
301278259
-1673720776
1109715778
90340737
501318251
839691008
-1172145800
1571768563
1774901106
-1247994506
-68839791
-224427420
1777837799
375998226
1682565600
-1742557357
159398867
1825001335
1865946674
-1181159150
-778376163
15438550
-1408242586
-856980022
1453629251
-1501580140
-555044029
398316994
1922993223
1371912235
-1290168187
-548695840
-487234842
1213809741
1022467897
1909235823
-336243697
1545565262
1211604810
-2038435550
-1567511149
1293409218
1519659610
873093464
1415445784
-1261985691
-1080006186
-1276698719
1359081043
-702427589
-1818604988
-1719933568
-1487906699
-715240968
-740325410
1413085810
2109550310
1449330081
372535396
1381194542
-1049278160
1417239410
-757830098
-181804753
1679177277
1564717826
-1500008320
-1778162065
624135877
-1048193884
-1420131039
-252321420
-2051376383
-90927343
-494389458
-1985299057
-2028249180
-1989700797
-1451981013
-1580666013
-97720821
781363875
-1773399974
-2016827996
-1858415694
655993701
-803918000
-957135328
-1998166806
1533333299
-1447019068
-1032616189
1671765704
1238454280
-924895318
-1236231082
-284799904
934571870
-1987437184
-311520824
397843251
-2006627444
1400285158
745388209
616336101
1413752680
-1247862668
435384915
-220224462
-1342437325
-146967609
-1908483486
299346723
-526004810
1268568285
-1308682810
83902588
-1170069336
2073389474
930695582
-467622280
-42855598
-123000630
-1922531704
-1516331849
-39079819
1409380577
14808095
628000631
-1801210773
-1142736737
1865197764
-1568516606
948026507
-1094707071
-2111628895
-1029972889
1660434641
1198792084
-710770965
-109144980
-1380004930
-843483757
-1292171162
1875376578
-1753725827
-1677703116
-326574546
-1502284422
-1459906745
-220573250
2010507699
965610679
814315527
-1360194849
-1675580667
1708869285
1693350720
-231298629
1445240401
-1642332759
137093422
-1986090936
616887722
1263407066
2118086443
1301117912
84060941
1012081327
1397029716
1423587831
1924345503
-1292243464
-760050068
1443358326
-822266568
39633426
840581119
818448071
1509255972
1676000597
-353685302
307074699
-1039331545
-933468975
-765638822
-1890406039
916502977
-1335389126
-750152974
273188385
2065028276
1865021728
-1922336591
64186080
31033027
21925218
-1767567628
187828949
-226748485
-297941788
1604537081
542528771
-934276938
2139841151
1675945156
130233433
262446238
926427193
267457861
98562303
-1826165520
2137118389
-977694022
698514162
-244406590
2024746988
1626697554
-1032352302
1081449478
-412290787
972602899
241745402
-906275568
355203074
-1352195588
1961738961
2094607957
218105668
-463623315
-338193825
-464253323
-1769873873
1938991047
1939415587
197458042
1722718121
246433615
135979298
-356385182
15303776
907623767
1619214147
-796567590
84210754
-1500201313
1680856538
-857169588
747217714
-1437498888
717227394
-1775859941
-121914120
-276453590
-1714741969
-1258987219
928492664
-890525673
2045337218
1756463785
-1393546714
767211551
-10980513
1400259073
-1267057223
129709510
-436655940
1852898610
-1020582114
620630676
502104763
1772723786
-107519313
-842508996
-1426358789
-1808767958
776027300
-458089984
1716130347
-497486963
-843536439
-183847597
1028868575
195490888
542460785
-2138448705
-616594522
-107954477
-928056151
-378537464
1082863707
-1887379961
-544729423
62262418
421110459
-339252951
-450861401
-1223705345
-403913672
-1665631706
-1138844027
579372828
-1159544052
1699038240
581534541
2075074045
-1252520560
1429311017
841566850
-321884570
-1617088819
1927255629
-1732453670
569762668
-535469997
-1949785899
-1208622032
158388571
-87300791
89700298
103416511
-1258870054
1788576453
-1907859784
-640261747
-772545459
1826924893
821509811
-1133080540
217033082
327427070
-1644753250
184975239
-81999506
-1719312389
858143658
-1049437596
274431137
-618093975
-1414654435
45755525
1438247256
-762921303
-265255340
615812492
1187351114
-861855163
-659714550
-1818311969
-1724261498
2017872384
191437274
-773780256
82997651
371192871
1906173698
-1420225695
398778072
-1597922259
-195919511
-1678662313
206113598
1105415030
-1787716125
-1899348019
-1310924269
1885154162
1133991090
-656699366
295336497
-1908980498
2115567695
1998939478
1573264479
1349511334
-1964653461
-1471822583
1101777910
-129876706
1832517936
1797265189
490354119
-655438415
1258305227
-348742346
-2078070468
-1969916182
-1822548690
-1899517737
1244135356
-741260270
462746642
98780519
-272984492
-440659447
-465023173
734349565
-1182679661
973671257
816767743
-1073020776
-1663417420
-968732281
-1352329976
1662708634
1364983042
1797744556
1372673368
-74958217
-973312392
-2131807675
-7961715
-794622807
1440677543
705273926
118547558
-2080282137
-277032740
187322740
962489221
1742541461
-557011327
438750708
951803254
-303840387
-1565154621
717759262
745049583
2026961087
-1650643851
-1839662698
-1100956071
1444002822
579611187
-709461859
-835264370
454240764
1517544650
-1690596700
1649361380
-688956673
1640946647
-1622976734
609346154
875799316
1416575149
-663157338
-1361806223
-1296671461
1845955452
1308106287
1964965966
-299780796
1357486
-308143429
1926596701
-2042878271
1939877012
1514339869
-1266742969
-1186029379
1960567617
-1469578221
1267745416
1385399948
2055643830
594067095
1159115563
-442958045
957976895
-615238539
-1449683240
-818657335
-56614373
494458141
-1821167856
1951071758
30263906
1566004666
-1218650954
1100125436
-2118148061
406702979
-998453808
78997900
1779845068
331978576
1071137679
173025883
2130105294
73660015
-1393970036
-1540258147
-1673037184
1169575096
874663764
863066193
-781760956
1230011358
-1952276186
-644629066
1693328360
-1198728185
-1223662342
-1908419075
1324675918
-748508769
-1924415803
2069435711
775650894
1066466409
-1507432709
1522885552
293370330
2140773334
-211580331
-1088848875
-258083486
2024031386
1869570516
101203315
1399774330
1859662715
-710293756
2013848584
998796986
1782778219
-1542502267
1198742911
-285945371
406936793
-658472249
-1450103714
397025869
-1748071357
530563348
-921399614
-755260043
-1486445041
-516347181
1783553102
-1441201416
-360810085
-861273846
-1852158111
198027176
1346577810
-1098928092
-1829065338
774944505
2123609985
114276852
-1707375824
1326984864
-935546711
89504761
-603330906
304619639
-39418858
1534399971
1441986108
1434527395
10838512
-707791787
-602962493
-1063291401
-1339431920
-235027476
1924706114
-1372704101
-1804111914
352800896
-802669851
-408360216
-646028999
888083625
-928837067
585063574
407196446
-1225753211
922432137
-603068391
1127094510
1837704887
1041879740
897537607
-1600635550
285954738
236564511
231920701
355211936
-475454666
1669641905
-1169471101
1614208907
-757311974
-255362931
1631284334
976295510
-1140422068
-1407178589
334772422
890142810
761418006
1853230250
-1512985433
-1735435478
1058901922
1960942165
559673260
1471701731
-419826497
-1367559228
1395738697
1494754759
1800963813
2106963773
2127528824
651525389
-1788768650
-573090277
697938583
1324105458
-1253416890
329410309
1457611664
884637203
-70333347
-218749085
1384691514
1414654462
-1593035525
-250175474
-1589315074
1395008773
-1756851748
182985030
601858749
434774870
1880089532
-1108211224
1481497585
1442572104
-1212752868
40521184
-1235944687
1994338039
1996078406
885944284
-537621958
-1422072046
542815887
-190455231
372557835
-1041860878
-816627492
659882850
-1820147248
-1279706641
245383014
-123262737
-206476319
472889839
19458241
36269739
826891340
-46956737
-1300448231
-841532319
1581714353
-526677595
-253425985
-80431336
-1509834643
468764341
-1748320797
654479749
1156810747
-1697441437
-705056605
-931532864
-1950555498
-420559143
1012291140
-357150150
725943585
52124811
1059830974
-1730233362
-1971202741
1195008903
311122813
251561943
-1048509458
2096985361
831573606
194093473
-1426200136
-1608481682
2096610583
-1378937437
-731510260
-2145488384
1066562163
234368011
-1779933142
322124691
-485234595
-1902017702
1464457868
601906677
227036098
-615588333
-1392793453
-2007155765
-603767587
-1458464850
563494499
-1079599710
431706037
-731581229
-458870006
1870503748
-1874947862
327336644
1457937639
852991564
-974908751
-1994524134
1205129289
-1505362436
-547699171
1746426035
1464247382
-252324786
-1871305569
413345514
427336237
-900410296
-1956811312
-376792055
-2091302321
1600784788
608861549
7247355
-1716872134
-2067383985
-1487831647
-1734174651
375467094
1809382433
1702558090
-1919269321
-1903258603
162850189
-888269834
-93926306
-696928172
-2095166327
-360651156
1729948988
-749215225
459639121
442584179
-2042452678
1633731862
977714295
1625857806
316578269
1511100801
1578529598
34677893
-1833777096
1793684169
203668777
892090474
-355522911
1057759634
-1364359474
-1453035558
507522471
1468885892
-2024649233
1971797507
-1301775293
-955067021
2076082890
2066078951
30673740
1022016447
701442735
1339391583
-532241360
1674220796
-710699053
-715978399
-256995616
2002533076
-260945308
-1160845435
-1161843956
601644332
128077533
-488003900
696936592
-1299545211
1374399898
-751668349
-1717218515
1187856548
290897839
-544952625
-474536581
2029223029
-165970700
900867306
-90532066
111540268
1155471204
-2000967674
1379162680
480932013
-69240921
649204560
-1733886946
197919534
-1551798548
1299577391
-1911055027
299022361
145732092
-1456699443
1660007582
1773033526
1338372492
-542879018
-658026055
-1583943671
-1364941870
-1102239362
30315207
1965532536
-1858120870
689052105
1842626923
849265585
-289372391
-409650682
