1905
1905
-1803105550
1069031754
1937479618
1212216731
-1954805816
1111835817
-1097464232
-1382358520
1971815981
83421861
-19453949
645947429
1881033769
-1877879955
-2119812313
1572179374
501236925
1642789288
1730951603
1823689473
-902902694
-348809251
1477442742
1764317477
-1271197546
-1073504235
1368950071
410375182
2137929501
-2012247617
-43352507
-794587874
1857585125
-132605486
2144554060
-1214969361
-1082927451
-1040643784
-1276822102
-820368561
-1302755449
-745689750
-993152895
1544208523
215091996
-1277360297
1627865550
-2023716112
-975102577
-1134175094
597121466
-1360038514
1197446429
542883467
-1834505936
-805108417
22522820
-1625676668
1589734575
622085351
-915427270
-1199768793
-1678145440
1497084412
-1634053600
-1151873329
196727146
1010232648
1493368183
-298650651
1539643525
1360147437
-1298138798
-485994108
1926810061
-738073430
87768525
640660064
-2044185128
1509463388
1650341181
1900330979
572184586
709524678
127655080
1255082904
2105028135
544683156
427292535
353815244
499184937
-1103161444
1742817898
2014783602
-551624877
481935463
1679823307
1713983815
122754949
1651993584
1886988006
-1223582154
-359848494
353322155
282691767
466256125
1756432719
303618504
-119194651
-2063657201
-778265811
-961591624
1778365935
-1461614916
-1906995446
-1316958481
714295204
824674958
-755325821
-1302990356
-1438631208
-239481098
12574221
-1087947914
-1410099372
-230095320
-1200172795
1787384871
1248903950
-893004222
-1161600252
497751598
215511449
-219740749
-196179848
-375805361
1785370334
-239367718
-1353852816
-1942294226
-429371124
2046581741
567282102
1705950413
1641414092
1017919516
246132002
382443091
1613557433
-1009669387
518961453
-780907505
2031055119
-856026870
8567492
-1009851461
-1291248479
351956176
1302511454
-1204318972
-443507184
776812233
889015376
157040713
-769691591
263883749
-852625569
1820833187
1753692399
1810521637
-991988586
536723493
-1728856854
1515621250
-1533006502
-1867802268
1501798142
1359806220
1434498235
496165177
-1118740849
856703061
-382423796
-662809147
2053720388
992417039
1524888245
-553941067
1254118394
-1529734925
-463265722
-2071654714
-1391784197
522743780
-1620590640
729612939
-1668077201
-1379207596
515751280
2119154541
-2044905455
-1523608602
-305598677
689119219
-1562922202
-813919147
-34159103
779551300
-999858261
-2008667501
-680428484
757027305
-1112238131
771654197
1437029640
482944470
-429906274
-1173683443
374194504
824697514
-1577211131
-1703433448
-474907226
729284917
1939650037
611033754
-157155860
-1214695109
-1995892768
-1559204217
844609938
-967175049
314446190
1171219749
-1969607273
-1195692574
1695505258
148850926
-1016879212
-1349476044
801520124
1314270650
646852109
1145859754
-224391395
-896398307
-1191831030
723834634
-906026938
-687036659
-902547995
-529140764
1190495082
1221961672
1775924582
728633369
-69376217
-969403404
-1472488692
1393067169
-365876681
-406945273
1886871213
-934077048
-225905108
1981525992
-217454271
1849051961
-1546989220
-156016682
-860440071
-1145527298
1442143257
-1109811319
1922320534
-1371899450
-558060251
-1768104554
-1568737031
-709982167
-1783365276
240218391
747582453
-241107287
-231329069
-866420854
-141051540
1529768763
703212216
1864248569
-1787920487
1512065285
-1428176101
-339336613
-1793870935
175978343
-1693136012
-904530374
1441771409
1882660159
670639269
229864341
-644220645
276937833
243542058
-1645397241
-1373069760
-134186620
2128400014
1372543528
-618102083
-1834853381
683231520
-488671950
-464227616
-2115007933
-1632501018
1128228583
-1339420766
-1862547871
1376730322
-1501594958
-86448134
-1503285585
-1655195341
-715676404
418993007
-855456034
-849728914
-1508811231
507372015
122981694
-304981779
333578930
204174559
283320380
-1687800746
-116400324
-653175437
-1486997460
-3783680
-793097894
-650388418
-1406305975
-645911902
-1346409625
552697356
-500866567
1858679117
1321248359
-1368174097
983980372
611454363
602975783
-1120443241
1438622183
932468520
677692322
1344564455
-767019852
-1935843263
-1672171099
1559999940
1501284477
1616995803
1984655286
-1198042833
-2050324159
-753055033
-855339214
-277878635
846087174
553407010
-1999579467
691977829
-1052767527
-82146031
-1306611779
1992668387
309695763
-564924498
1567181457
-284135877
1721622493
-1246019267
1000053855
-1692476967
313053941
1016290210
1461885860
-1122319625
-1203901007
-765956585
1136418512
-1203817353
-966639548
571356953
-1480064727
162645490
263075135
-1478268509
1404334574
-33872368
-1202196645
-997609058
1164612032
1271756313
392118133
1604651927
-864992707
-2137240884
527726297
-1045666894
1045449710
1332962927
-1107060286
616607710
597769826
-1011449817
1566684705
-761333431
-1148473702
423996553
1655857821
2133133590
123500455
1596406640
1693952475
-500716467
146661778
-91152624
-920721922
-1948990701
1695601275
-617009077
-83799951
734695194
-2050658812
-2005605309
1031227875
1471214938
-2104244497
-970569937
-536240493
-1850169600
2103150341
570249330
-272872755
1563387302
-1837387463
1383195625
1445102515
-2036869435
2044846605
-1840507772
-157022144
145136231
1864544821
-2099938280
567803530
-1083336416
-672981127
623361138
-1705385658
840547646
1911889887
96042414
432095633
1630964543
67617544
898399690
2142068973
-1364308605
-1360165414
1735689589
-1805523063
-2064332990
142720095
-686270931
209861316
2000003775
912274924
801826184
-2008205324
-1136718147
-869236859
-1133741616
-426551454
1685339954
1635281023
-731350059
-21136487
-1214593734
-1409307289
-438431233
-1109724960
756085326
-1744245470
659478690
-1928240893
1328200373
-448639915
-183481450
-1406025895
609602362
1888643846
225555717
-438210301
-176372194
-1643343741
995210630
1408710001
875354960
-2053033598
-688146069
916427562
192950235
919483529
-1177096362
-1881879349
-1341994849
-572221296
-2013948910
-218979760
-1544623037
-156278300
1412212639
-168926574
-377933719
1319235917
-1119264882
-482340592
62105123
309471603
1719331471
-1458461711
-485303898
-765131139
-1621337784
-938107319
-1810458307
-2082829318
-898383769
-222917989
407091072
1745890564
-2135365638
-1469769314
180042949
635376290
386341885
-387782332
361675733
-1330781074
1552085556
-322684937
1119403490
270792567
-1875502789
-213710811
-2036631112
749078376
1706067163
-1105037314
-1588114893
981655017
-845182050
1527337340
1936562160
-1422357436
1027656100
-1163454813
-398710201
127998796
-1751130953
828837386
-1591209096
962581882
854281629
-139914343
101624867
1943441240
-601998674
-1062194797
1845907965
-1619226079
687970213
1945322966
-840966719
1273433257
-446622022
1820079969
192218211
1198337658
1367150319
-1849262057
2094995339
-45067969
780399530
1565920962
-1401628351
921883750
-9227901
-330578599
-1658497308
1211010816
1248363615
-1798498427
431030112
-1534723094
896146109
-530018975
597780639
1492747314
1396513359
251211393
536049727
-1896051790
1850169804
1831278902
-1636899962
-1768152063
1106404356
1724107279
2028026514
-1432122996
1540560948
-1541089375
-400428332
-1079456001
1580891035
176694923
556278975
-391226647
-83259315
-1095181900
466743483
-945022050
-1326758586
1859945174
-1970749600
-669149857
1807012801
281302848
1961677024
1138765496
64888266
-711562025
-1150955581
561995561
1846075922
2120172381
1562204890
482518024
-2086217470
794566133
952351341
1764450213
1178341138
-841813786
701379766
-1471215954
-2000940966
1448404895
-1964919405
-170115115
190167400
731170554
-233587338
1189075375
1726660948
1623896004
1205259167
-1815561505
330125586
2050164093
1963374477
452472947
1664039943
315522395
-757289551
1318993549
1188277726
-1805280876
1071235940
2054674246
424501659
-2043538211
1781683739
-956359730
-1713326609
2075460141
573811161
1174146007
-1413336370
-127359802
-1329562908
442910515
-530623426
-1972812683
-2036828485
1768867259
300461682
1310753303
-1679175610
-1902990989
1766965015
598929503
1944806223
1728483051
-1184104468
1151857879
-1859052751
1943797735
-1794634088
155202852
-732720946
-197596094
2036399543
2037322893
-1969286202
-65843954
-1379720395
1907361214
487428836
1583437312
-2036271137
1748546760
1276254172
366008587
-765600713
932531563
-1712076237
-1558265782
-1304439161
1087136152
249671038
-1236155870
-1351180744
-50580432
1858571982
-425086041
-1137211293
-46437358
-1937779350
1581718846
416491944
-341609644
-679138626
950334852
-308100802
1913325263
-66966124
272148078
1375256907
-832849440
1347200129
1714077873
2132871286
701854317
1773986721
1633485156
-97345351
-1673584346
346642822
-300380702
-1992419461
-1103873523
-883329171
-938898955
494977757
850571575
-717068110
182152240
1576437844
134578131
1444105605
-853822309
-517408649
-412879509
-1707217698
725543317
867423257
-245474966
-402386515
1342045942
-1612427622
-810245923
-2015295658
570461043
-78012038
-339985283
-928388772
-1624608698
249742638
390480621
-1573471653
-903227634
339632950
222788415
-1609468357
-1051940365
840914287
-2087187524
-1144548446
-596448755
1378436773
-1606889244
1196271786
-312113146
2076067948
1323868339
1923884756
942646013
1924100655
2142502437
2581051
-627945043
1869602185
-657587972
2122602508
-259434034
-1333095469
-173443648
-1255217099
1113160123
-2012135171
1194686983
-1726122404
84355156
-1664958559
-309257994
513353234
-1432424667
-351940011
381529095
-86956472
-895040825
-960127424
940573708
194166785
1319239046
-1442661649
-979591565
-1159259063
-1324883901
96791401
1272670922
-1695353499
-928596580
-247016320
948167813
1669572427
1030501193
1727415401
1751811327
-512208044
-265480760
-2055676017
892654014
-1343419601
-879889860
-577878365
1061784315
1459173144
987187858
1638271479
1387708000
-1154372790
-493948955
-762249716
1361035795
1731338418
-798875869
454739305
190929907
-596048668
-1300085776
-1680759890
-71657184
-1373907630
1817216458
-300945944
825039296
227113402
-1655536787
-1296323547
-827337472
-1158458912
439148664
-77184949
-520382119
-11736451
-2079946416
1019160101
476630292
-1336046217
-746467005
1290412222
902443791
-279043759
-274280720
410675442
-441927743
-1152316444
149723879
-1428573887
1761643130
-387380145
323310732
737874662
769656559
632242219
703271232
715601959
-1051905290
1516750851
317331905
565204974
2128532621
-1128808702
1363614161
-1540237671
-1379769312
-788104722
-244963819
451452941
-491233525
1589592405
1447148608
-403796207
-1356546468
968358661
89071984
536114648
-488008226
-959154496
-1528839465
-1514431521
1033772882
1061507632
-609911650
1061733625
739554815
406628376
1777986309
1901598119
-1387886995
1004666572
-51959346
1580886189
1306785388
1056057826
-772626981
918153697
808782171
-1139862742
529589525
-1221785018
-1360706394
-175202598
1395878032
-1111744168
2030753936
-1076420851
-246412052
-498118743
879825202
608897646
1070828798
-1847626068
757748674
-1095964112
-966325586
255744464
1324231704
1476375361
604684834
-1072218928
1242312302
-243859778
755387163
-953511095
319074663
1129174440
-917435233
1641846156
-580606894
-1919810600
-1734621480
676843189
-929954385
-1755503056
273569596
-637405188
-200622607
1792272403
391846637
219329866
-529538427
81208342
905679713
-50264305
1876141330
98163703
1249915205
-109738670
-1839172862
-519423027
-2104006242
465352713
-1999369919
-282387327
-1475446479
-57270102
2092007493
-1101088388
-749700571
217172225
448369741
2130349473
1661906918
-352883900
2137566700
1116179325
-372822709
-556824732
-2094108984
345056445
898447610
2035808677
-1257584993
-1474767648
-288812021
-814553488
-1032268661
1068180269
-1378154773
-935850137
-615507834
-1536274458
535287938
-2009209414
-1010255569
-246275908
-1898769512
-508498504
-1235754547
-569671546
835567220
1564821416
786791572
956163629
1227253958
-2072546854
-114504409
-1159743765
-1955482682
2135857144
-382881954
570824628
-1846495076
1478755233
111967816
286777843
546107650
-1541897673
2015029107
-55660679
-1592293849
1343869944
1847864938
812134834
1542728150
-1511557045
-876895106
-1118222311
-1338647081
-1817744548
1597266121
-856192531
1018580373
9480426
-1814739857
598030116
-384393728
-1153791905
1892513575
-1873361760
-2094868556
-545438176
648022009
176715680
285167450
-1816048090
-11022775
2016265337
-1927696306
-1520428083
743384851
-1716820860
-464679550
-493698324
374884983
-1249355942
1262918817
1939306021
-1227426440
261178174
1143537527
-713515395
1378118656
1928128730
-1960165489
1014323246
698554151
-2091409874
239853597
-474715973
1719092148
-1029241659
-1408062946
1491599941
1496237283
1276538665
-1255926083
-434509795
-17203352
-101733992
-1218085896
1866254490
-1766776653
-1289020937
1959714691
362340395
2131658358
-388142330
-1092774932
-1242089041
-263218589
905459412
1337000959
1892687875
-1099389382
-1304009611
1436438635
1123456220
-897031166
-488362765
-743595099
-1031544617
1084640918
-2114061439
-214015988
610504910
466024034
1285594358
121474125
605123693
-1933943186
51933817
304882184
1981837828
-11229796
637836152
-1008131405
1614431134
1017217069
1126058717
-452094274
-2085260975
152520073
-670844029
837212920
199236823
298227263
-1571194906
-1862410192
1274245725
-1076896183
1250683162
249577759
-2087923045
-566741099
-1935253250
-188067195
1757874724
-406097728
-1470884943
-400584303
1038035454
1498496036
-109923261
663819397
1928713589
-734541036
484812975
1990713754
204937515
121002342
483657993
56840224
1992302452
-913412815
1802165747
-637937687
-197437984
851103447
1189106261
1120727783
-207562728
-1748533947
-1005859764
-2071530220
1175598061
-1719786887
-1447943838
-228327791
782621358
-146355132
1826904576
1259695122
1952961465
-766186160
-1581074400
968976760
1411023956
-541791643
-1428359866
781617855
-56909635
-1504790553
662956976
-913993959
41851519
70667171
-705683764
640791131
1588535302
-1930762550
1147393769
-1907740520
1577288053
-592282564
-1415134159
1703272459
-1110438217
1011791626
-1062970154
-1566309063
-1190542636
673015094
-1042978164
1499710807
1134022789
-963753284
-1028621514
-594158872
861463561
-1611357995
1927555299
-612208470
-916836807
224052602
-1009160965
-1122548046
1863027930
-1453138138
-1138003275
-336558634
-1675795406
1839692000
296066252
-91167414
-1620443683
750475896
1311748721
-1790703987
1763016928
1696080144
236676994
1500523397
-1020471554
1614765022
2110108668
2127211240
-2118315190
-1689636561
-2068730194
137676510
-790483459
1063243694
-597041361
373082596
-1343936119
692793317
-1261421806
1050250739
-110168851
-1678972412
-44809641
682938849
-1017733301
835593185
638185252
1908080902
-370757449
853924672
1410559156
955076897
-606159791
-588115885
-176502386
157112957
590577557
-220556157
683153658
-553152945
870392561
-1834253967
250853296
615788386
323514263
-1374577609
1423681490
73183477
-657912172
-551343886
-1344391139
-1488085021
-1730665183
-958139772
-603231654
-602179068
1341383225
-996439402
-1526608615
2030245843
-3550869
16844251
2036513953
263490640
-1611725071
1588574364
-275431646
-1643012313
1374058752
-2037598353
-346165204
-1269349102
-1759307167
-1560469431
-515526812
-1900299653
209226303
1548316599
506463860
1157702756
1917218115
-1148557720
1243445827
1497995
-388512803
-197115154
1411726182
182568392
909169124
-276999227
108325333
568746426
1796959074
1251550611
316432353
336947362
703249064
1324470705
374782053
799419022
1466749863
-57331478
-345963461
385353913
-552490878
1594095233
1795318514
354857521
62141278
366802808
712012477
1720911546
535554428
-748740081
-1032434771
-782449678
-1197880438
-460002934
494107170
1793548469
-339368139
-85710281
1009495167
877050562
-99262974
15321519
-537458660
-434734434
1668367710
-449276069
-848406144
-1895214664
-1660554253
-653840070
-1800563761
-1381271859
688197692
1867575520
1593463681
-274332531
76280923
2125079745
-2075961260
1703353983
1060125482
1430788527
684272259
-1947402207
-1088451953
667007137
-611360968
942692946
-440324333
538295477
-734449602
294429428
10312885
-808467081
-1444193542
2123053773
1245128956
1173735779
133724827
-1419735635
600019531
-1409569624
1337741712
-952594218
611919992
479395886
1146992186
-1369291881
1926834846
-1341575974
-998893853
-1272965574
-2129908174
1279692560
1645791469
182278943
-193354924
916801145
-89942194
-1293474264
191023719
1274985989
-1738193861
-792117672
-557912349
-71618509
800977443
-1420425802
606075753
228502415
-1423398946
1349155703
-1606173929
-71083140
618423334
1559084123
-261661667
1793661235
-995724219
-1566726826
599263120
2000587019
344392208
1261468787
1486135934
323504122
-1984688877
-1368538123
268569665
1305406811
-1187626227
-966878273
-1644925416
-1291524879
714501022
332944629
1277521907
547448107
-548840642
-727049246
-933730675
-859961943
-1913413263
-1109337061
-76886336
806926846
-864197064
2116207333
-1381979628
1177826487
914500298
1079378899
2072088728
-1259538788
1043292548
1138541491
-1097561099
-105279947
794824989
-1880470102
-1416228929
-1993290865
-554502371
1494480542
363111182
-1244074944
507239823
360862419
-392818867
1374618535
-616032267
-1957846568
2104502353
-184147080
-1783014533
-1747282780
-1206025811
-28178313
-1401330064
-1531260421
1177003331
1063866243
-440653071
-119087850
281386782
1569158869
1206743270
2052932226
-903417217
-1726533751
-226352334
1317875528
-1949283275
-1059994786
-1602962394
-978266547
1935705649
-1756851527
246908213
1889421307
-1855336359
460975855
-832659986
1608228897
-327937380
-1218259773
1877933606
-1339183593
-1107633082
-694990035
1113515892
1923513126
-376802156
1524853341
-1742243359
246108966
1413800075
-1698476290
512647136
-1178586265
-1638862331
1535147455
-95828613
-178207788
-1925008372
-1501594866
806358735
-49463723
-2018654102
-2096063706
851968442
540272757
-66614656
-478982580
186996434
-2096757947
-1459090602
1393257812
1757996440
684807551
152451827
-771732886
2059067373
1483060205
-1103310097
1874168334
-813117244
-509596661
-1108683194
-1911945120
-877112808
-257182485
748403310
-1287041379
-891638240
2049018456
-1229943382
-1535091479
2073878465
-785279426
-1367036256
1705954382
-319642044
949849160
358476073
760843524
2033360968
-1361601589
-830403480
1435813106
-555441670
1866456034
-1095676387
-1578200460
1969404546
-1534470695
1207045947
-1745045665
1216388288
889573838
-20458057
871067713
-1183555785
-283129451
1286508450
-2087978004
-143210679
1428170204
-263687303
-45770955
-1757375580
-380065393
-2144726597
355725561
-655525380
-643158147
-1503827012
1038768736
-819672070
-654959045
838804409
1275279205
-739051661
-1864845752
653662763
1536917
918443485
2084019826
49744992
842137366
913637118
-301837705
-1207236538
-393242646
-2101832987
758667246
-1461139063
968582005
833105694
-1306305177
-539077663
-1407378372
1429734176
-554588207
-150380892
1259722735
-704038902
-641764836
-1116576350
-1609258583
-1716772978
769925918
-1450740943
1692181621
442621485
1749188026
196147078
533332500
-971897692
1017720639
-1265876666
-209948164
-1132737371
-884776947
922512220
220779684
-789451574
451881598
-273396
406120190
896219078
-1169548286
1780838728
-2031902139
-1969128739
60957835
-1970366910
-285125640
-1902424171
-1443129300
1560215106
183153189
-1886071634
-717019396
-400674631
-2093322262
-1610186162
600633152
-66415979
-1608706504
952667520
-978317880
-264259370
-1962728230
591695583
-1784655719
-1242116000
1315291061
-963747698
2027810764
998584083
835873873
307783530
1995272373
1491755544
548840343
-2126070909
1346901830
-1090499203
850148316
-60300345
-212366923
-288018172
680783646
-1294919425
-15365539
1860216375
1121681804
1439122431
-1529680927
-180229184
2132888651
717040409
758588310
1380389366
1446981751
1275232978
1237065250
-1570644805
199439975
1988548056
973093472
-609718652
-1770234571
1372485682
-847081849
-1504898888
-307863940
375847353
-50603126
-1436963522
-22582685
1779157958
1825100480
-55521967
-1103159334
-1098707412
-1174367801
320811414
1832273187
876984168
941389990
-261728401
-1911356268
595954711
1539620401
-287735919
-1504857702
-531195480
-1163434319
1739327955
1620990465
-387372975
1853194435
933837385
817604465
2048677958
343723136
-319112303
661116219
109108776
1108488414
-299601300
808500821
1902547643
1784914773
-1380878704
-1256962141
1644612060
311322053
-1720236869
1602923128
-578247503
658554518
-720273909
-427007141
1757139745
301764385
1988741260
373410061
-1086752634
763522126
1061463314
1281789898
744630177
-1220338307
327503433
-733233969
1856711118
-1053842007
2103964938
-217657828
-434338440
-1038206262
-1504514577
671423099
1996781518
-1518547077
-1999330263
-2077839936
-922987082
-76541219
-437426800
-504093359
1537607682
-1559754054
1361140731
-524857112
-1119316255
-685659156
-1885321263
1920375703
652572823
1847530752
-2053779488
2119139596
-188246160
-1021948139
177109613
-39021802
757613297
-1364150006
-1744133237
1201132391
1200980049
485720280
-853932880
707945883
579366439
-1110716613
-59793020
2070338936
-263082140
2126481815
1090989564
-277107337
2087522690
-2033332710
359809447
176126339
-1918049795
1352175133
-462099385
-1327410688
465610498
-593302833
335445923
1076042510
1185034086
1409693716
1325703835
-1028348914
1739533785
