2187
2187
2109327786
1284768124
367670116
-1914383526
732425869
-1815400555
250186366
1410735341
-208879971
715755018
1872012821
1212991628
-1203659139
837110759
-282476877
1242572122
1961008573
-140979336
-1614525068
155988766
-2107043014
1724463319
2053314832
-1941519122
-198632508
533495237
47419160
-1346921686
1314250498
1051705021
1948446079
2079565996
-1920287086
2116721990
825884763
-328534211
1704317812
816741257
-1001359379
381411146
-1700635225
2062900514
1194400478
597001942
413665812
1834844474
-568829749
550427570
-873581909
2023492053
59441411
-1464435476
2025880779
1210205288
-988077681
-1309456507
-899384857
506881966
200102514
-1936426395
1345728102
1283054267
1882255665
1198237075
231449289
-1935386288
2028081301
330946720
-295836910
-1579382415
559161518
266126436
-961015708
1888212533
-395275493
1933558764
1909680358
1511302108
-360382583
-509607758
-179213843
816787750
-1171223431
-1594743282
-629968806
656587234
-4677563
791369709
138509119
760590020
-1006035356
-619290432
1384641736
-1089923461
-1507543828
1484343990
-1452366504
583035907
-1022493096
190765100
-857131790
-451375561
-1988461685
-342192284
-1335632166
1172673705
137144852
1339379061
1276459899
-1449615946
-1918285
-1042574206
-1937226613
-1611929132
1687923740
-1010431698
-461375636
-236660691
1305267706
1780994894
-611829291
-2111793039
641593398
435541472
-761404239
-1000757784
1256374904
-57347524
1251088711
-1453236282
141305837
-1196635511
-882162534
615142082
-508263605
1178580850
1397257490
-852162584
1507213073
-815799016
74573403
-2038797138
-1007938029
937741129
-544479348
-468965306
1013899317
1292072178
1318027148
-44797390
1427957622
-1528870190
1635677105
1533296156
-795670224
-1253026448
83793065
1515704551
1048586141
-1418253746
2002941341
-540601599
1356836765
-1836713889
-2140933742
1496855546
1446000309
-1834391627
-986242285
367031130
-1603832485
-1468841858
870494733
-681041234
-2068504208
-2066477775
1211407353
-752601884
-1858441971
483404803
-1736910273
-779555112
468987265
1374684064
176786137
-104952530
896659098
-2144186601
-1859748041
-1938164895
-1563134429
1329771797
-939764382
415807516
-516785234
36052565
10583908
-526310712
1898616979
2108784470
-967713562
1459351142
542487608
574032207
-543700199
390522270
-1749192558
1528886880
-560214311
-77812714
-961651990
-554670839
1086471440
723470599
2020992228
646575839
1993377112
479741710
1847093692
-1155455364
1447690980
-2040890049
587973587
-374437705
-179406945
-1659972224
700921450
-252941036
-1170041451
-1982421997
46247852
1318621566
170736274
-1631361932
-226253071
-781132493
-231063032
1112338276
-1442702528
575428351
75370805
128745029
1405908502
-1626289492
1680032133
-1315696728
-1863362971
1767428536
1272843572
-2078342876
772442079
665137992
-1189649865
-78515607
1815652979
372232028
16498524
-1303558764
-162836969
52791620
-122142801
-1783181117
1506182856
-999299757
-1175291872
-954952468
-1204601650
-1567732271
2116946786
1478200810
-2129674940
1468674869
1235032085
160624600
1125797591
1242594195
1174856998
-493001310
-316027186
-26348205
-2092797834
-130079528
1468308041
-1462517469
-92748871
1662053061
1457932237
-383523026
-163761248
-948095296
1583936767
-2782323
-1849168582
753292737
1301228719
-259820034
-1350470249
787026743
804759832
-1330716461
1221853102
-220650729
-1391167899
-1955871956
690076800
668047672
-1278002825
-1672803736
1108183420
-1299906083
-1732469019
-1339394344
-1305108187
1419636627
-1326631356
-254210123
391524850
-1959128515
1101675943
-1409654188
-1010565260
1175923565
-143056535
-444465001
999125438
-894798860
-1731677143
-1916538202
-376260864
-1194309956
732390165
1773015007
516676469
1934304468
-1410209173
2089382666
536738687
841377484
-602255811
-52265519
-1500580849
1635921730
-698410124
891887470
-902220470
429093564
994522390
-1149087067
-1319658647
-33806152
481735115
-161544459
-1365544480
-2008221182
-952791652
737929482
192742594
482541636
88683518
1429257845
-1193712541
-1905693981
1733174799
2133674142
1899380542
1106255112
-45137634
-819141896
-1672546791
-1710909188
204237169
-972468105
-132362650
101960888
-465920703
1932028991
-759535892
35951548
-1448889335
365408669
-2136550746
-1112800737
-1502851585
-1536962758
-569704981
1950600423
2003482594
-1289111155
-1637531186
-666606694
-387856650
-817762159
639977927
685608724
-1054936756
614329528
-1141461102
-1525044837
-1481955769
-503650530
1170141527
1347666992
848440154
2051830017
503457290
1280986407
1362919702
2129956465
464786452
519900154
2039747683
844515395
-827224526
-715225511
1491877901
699066699
-2139604323
1011753604
1252647554
-556705079
1769023595
57776861
1932561369
575820835
293918516
509187768
1382418454
441143764
888509688
-1408861067
-1368536660
1067288484
518477376
136302801
1632761922
1725776409
-137728894
-361646216
1667770298
-648975571
1766899401
-160864034
748419950
1260004928
2045470869
1048752462
-2002110020
-1047480497
155771647
-1004155582
1375409092
1600268646
-1272308703
882259701
1282581872
1577674835
-1972952908
881342774
-377818700
90489244
1147288569
-1359193217
-117776618
762183858
-5066275
1583151942
-735971216
853252709
-608274601
1238083218
254342644
1759812506
-1735619308
693177296
581128817
264785724
42983510
-1686400282
872313044
-61485200
130340377
723907464
1670321648
666826252
-1149639561
1172331723
89537153
-1010474935
-524427699
940311031
1689418094
-1794672202
1173673245
-463331168
717463118
-685850001
-390154955
1721553911
-140896212
-610286449
2120810513
-443987619
-6007666
-1323340574
1020741885
489695801
-1788328268
560511711
543447038
1195003658
62365469
692648916
385357554
-75165761
1383167822
268961122
2108468470
-29702842
-674466347
-1945820372
-283153401
418992226
1850781324
-196564021
321942763
-1965442623
-329727206
-1754959612
-1346489007
482950989
-244971585
-1643872451
-1021828041
-573218111
806072399
-970399701
-1229561717
722587008
888228222
450909392
1635390997
970464673
-55770529
502348452
1721027731
2123296846
-415593946
-1520103406
-1351416539
791067982
953910837
-1462612955
501795307
-867149857
427484245
155155843
-693824532
676997321
628919619
-576396135
-2066011335
1004434863
695679855
1286667543
-178297519
1077823911
-1779533313
2110237343
1130816967
-745942259
-453046247
-1501889352
1374700834
1110461076
1649433698
-633881080
1557479939
-1243695203
432104641
-1496366398
1508106381
-946461237
-1150247321
86714972
-1621124096
1920409558
-534138349
17762437
-1473147225
1581876128
-1472937838
815212886
-786910220
-106626171
1412885381
-1822235449
-342251288
-2062554890
1552688742
1565275492
-2055237960
2007952456
461280204
544572991
-1397361747
343553481
1245704942
-1986925528
-782375349
2040060948
198041957
-1361363429
-1585539403
1539666854
-1003358923
-1049837319
1691626063
1119060912
-2112163059
-1460643205
1917167013
-761859026
-857955122
-839418013
-306900853
661375288
2109215817
-1489481485
-1838466940
-1045577833
824585805
-998597213
110277991
387227290
1610289632
1183299853
357307455
-1377610966
1624805323
1630232364
1629441139
1000679452
1154129499
-1971120443
908911398
-1575637050
-1907309210
-323172572
1287872736
-1146801452
1153681036
339506443
-1608254099
-1378568100
2134312382
1730960103
881567237
935459631
-1779862012
-470167483
1631830444
267182193
542248570
-713771901
835737563
-1832565909
1812990875
1953386698
-628654752
-1926681953
1590132929
-619715269
1530407810
-269960676
-1367933460
-1125100184
-331029144
1692825363
22760897
997435397
167301050
-1732267861
339906518
259411422
354688648
777134609
1015034668
2062640140
-378077845
-1456397870
-37251844
-698063517
937448937
-1435635092
-2075441226
-1717305554
1202198557
-180615135
1826309702
-311100131
1112730007
1077106702
-1348692072
-833257346
-958964096
-1719663492
-761715106
-1337592149
-24436478
1768946294
-670117616
981893827
1135651558
214193307
89191988
-531312996
-319523458
-801794251
-2105540385
-872319240
2092090308
1442257289
-1785808517
863209206
617441987
1039609968
-2075828535
-475810102
-898941899
1063185958
-445723863
-1291820624
-563021971
-961705119
-916706791
-465148131
35513463
-50803291
-642776581
325741367
2033483132
-878903594
-1742105062
2146511495
1857669739
-1053013490
-1204427538
-758328083
-2065935658
-1969843791
798738079
1958781907
-1505900007
683676349
-873664569
1017847717
-1796679231
-271685274
-1531061124
1848297600
-470897110
980994785
-1304238196
1746409001
1782458729
1235323008
-1257172470
-359988416
2046877804
-141807618
-895140087
-456026188
1307068000
1323621660
-616765529
1478502009
-543708590
452104300
481790797
320549497
1308486424
-1583898773
1407737908
400961223
-633600655
-1235185195
775161898
291606042
1810096235
-1726808011
-389132907
-1208625800
1143798789
-818722885
-1381487432
-1041193423
-1317870060
-1475270831
1214164276
-2108427506
-81028758
-78079505
-1954590766
-1438198582
-1866323148
606437934
1753158783
1884991937
-1784386909
1131281179
386751639
1422830823
-392669491
-1920966066
-214160026
-1373204485
-1772581162
1016033082
-108292374
1829348603
-2050678710
-1223169083
75383518
481374938
-118990899
1636885018
1966698483
91591024
-1738762
1485853630
-1877811872
-1400633167
467761782
815517153
588475037
1438052129
1582579584
-1535283466
-1617072278
-30622841
1060294501
2003513733
-2049830890
-959316512
139039357
1993838655
943788541
1893561238
136815437
-2053122221
757265489
1383901937
560635622
-1866615041
538267933
-1427969587
-1102276725
-1310266519
-800208249
299060109
-1706291818
534711726
-340260779
-1294316977
1054872219
-1142103493
-1145599567
1459234657
-358024499
-2128234404
-1265742032
-472848654
-156221280
441888530
687186192
-730475764
-1588560208
-948112600
-1736018495
1639430593
-1937202208
825969288
-1654440794
608459428
-1274296890
281837770
-1402138340
919910267
1217475910
-1026062067
929733050
2013346866
-1073825412
478374154
1512511450
-300158447
-1354689313
-1451867803
-420189352
1520316977
960837794
-397670586
1013124761
1369082668
952552029
247907112
-374386993
863686163
-556867604
1354983664
1771259002
-279087452
-2012736105
-501506751
-2011082703
-1444617540
-1514446221
-716309490
-935125087
712903946
110841607
1145812080
-55214378
525057797
-1246137807
-1486647879
1998158265
-381784545
1432115274
-47207992
-1573416487
900741178
-30787448
518822046
-1961227155
1683993435
-1820386140
-738881231
57646233
-1088715620
1644912316
-2037718144
1727524336
924578407
406954361
-792397849
701485882
-2111379999
1995023988
-202936397
-1232396938
-1838280797
-576739627
57490169
-1788453086
-153214033
1499337277
-1990215773
-1447354439
1636917409
-2069243931
1746415051
-1668988036
2122765860
668442119
262946123
1651551093
1088626343
-1906144388
-398782316
-1915596360
-1609138095
1253279654
1331325119
-1453300244
1670359346
507647119
1128257249
-743363063
-2107540806
-823777454
-214714718
-440357022
-407529362
1573167801
-543113712
-2076613659
877440472
-1095346137
99366576
71073698
-1545035842
1654895288
577778646
1026198153
1384914071
-1840418650
1320311350
1907708535
742277178
1268584174
-259584838
-409962125
1102593752
-2011313358
-377875819
-1901714380
-1471263956
568942561
1775438487
50957542
-2101072912
-211689836
2031960003
137985581
382809234
-272347973
-998264034
1692465769
-1625385689
1429595768
984313545
1415877435
-960088672
1722297290
1794340433
-345033400
-922251206
1661869038
310569030
647588925
558579515
1646215937
618341642
-2106432750
-1813696038
-208962070
1695354602
316810385
1519434878
-1907582858
549304178
-112140263
396425259
686893507
775425532
-1116260705
1133716793
2072924898
684876682
-1736977419
1767376198
381436856
1409800149
-450701234
1099194477
1926998564
722666405
390583809
-1830278729
-1910476954
-1579649949
1325623181
1661925073
1891657662
-2117808916
-1874746915
438550271
-1284843437
858496935
444524236
-1495460528
-954730666
384914905
1432673258
-1212788205
2089667175
1444657207
1283033472
-905093239
132777783
-1836454724
317908433
352591323
1062656622
382598588
1898008738
1618973262
101365966
1076837945
-2096643331
1200510388
68263575
-1233248395
199276337
-1943865819
-362782419
1054297032
280694044
1202077679
1738077944
1241324211
759852715
1672520138
-1762600565
-640961996
767228065
-814145456
1981343239
-1665308325
-284152936
-59011925
-753377343
-1615183843
-913086139
-423693681
235075874
1053196391
-967409152
373322090
109840078
-372122506
1309873794
-560597798
150421768
1428790885
-1795698193
-1692434337
-1693862059
170245383
-1065304041
-1470823855
-1633428898
1574038006
579355640
-2127961580
1993850906
1171320044
731017863
1096727945
870123052
-1731600304
774690223
506268103
1685452425
345252628
1113119641
1698663178
242209373
844108733
-1701349842
-1448749077
-1507694801
-588781373
1083223769
-694133807
879841858
-1705690598
1304048273
2080738471
1712559678
-2000875504
1762400790
1457014735
336357136
-1354921127
1040413306
-1783461291
780816397
-597329304
656820706
-752420761
1863325789
-2097188865
-818592627
460253188
387778966
1851731721
-999096811
1709302516
1807776935
-1963360345
287947509
-1055992841
-555822857
2080096648
-669241781
-1994501311
-1699991091
-65417347
-1424599074
-1901541852
-1119629838
-1675753397
295681633
1067599375
931685780
-298807101
1042319864
128549558
1306874476
2122851088
-992001284
136713106
-380277213
-1568145585
-766166789
2121657484
-1652065551
2071187812
-1447832062
640739828
-867306873
-216293365
1901421085
1250207671
151150383
-1267787475
-1787299042
723130321
-1637702864
-2130129036
1783219357
-1441166336
1357959798
-323535583
-1858497472
-1325848902
2101641842
-1307402212
-621830596
1410131808
-12143553
210502476
-1819941349
-393296462
-1019233019
-296548055
30439359
558403717
-30355294
2016758670
1359064230
-227507276
912855686
-663526189
-1913192082
-1058748077
165695710
11859483
188694428
-83797462
-337654284
1812348649
-1733099624
487518561
2032384981
962533881
25478907
-1207892105
-148484557
115110733
910051085
-232519560
-1292925299
1792183173
729055113
901527919
1003691660
1668258931
-1839937118
480837912
-1992805200
822850286
835260234
-651720742
2115804971
1941688806
1578218161
1309336307
-1681913588
260813497
764930571
460275444
486620576
-584927548
-324824170
726711664
-675658220
-338829765
-1832139301
-892995088
-1223803553
-1892558787
-1129734093
1412000297
593886814
1803911202
-825679988
-1954804368
1493635136
-1872339945
1414265709
1946099565
1191343396
-1453461267
-1871786185
-341196273
-1141948673
-1522008275
1180767148
1241174719
784273091
-1875444369
1659153589
-1695129897
-2043092547
-411737109
-281931937
-2011075755
-1282879170
1914150224
1089094694
1061553099
2048501885
-1149521708
-139441802
-2064333670
852980923
491846028
177707630
-296201121
-112692312
-711753987
-164766234
-29196116
1608254469
-947141902
1405223347
-1952321030
1285913738
647829647
-1813297623
-1760908578
-491582199
-1548101466
-713622047
686474875
-1399910958
-1678375096
1997276603
1302866487
-1938005671
-584696161
-381732570
259727025
484756502
-1778257157
-792435042
-492502030
561669804
-14851030
-652507018
1189188834
-839152051
-629092341
-674085417
199519740
-56952997
-2048411035
2070806535
1167838021
-637286829
-1861460492
-1483542546
1527558522
436982502
1930468037
-2042554410
-148113784
-458983064
-1990789693
-196604558
-245703360
1757191789
1144225168
1100931105
1785018442
1489815729
-1543133032
-983720077
1984579674
-1661962952
-1731624860
-991279637
1241041314
-1090647626
-1203786197
-289207290
1236919431
541133104
682704046
-1217632388
-1198656106
-326078750
-1186127035
1386822341
-1787207495
632640355
1785392692
-1601701666
1223615397
-1699463161
819927106
221757772
-1251468394
1523438724
1833101708
809810017
-1844170178
1244766935
1541074838
-1945428035
1754260986
682124648
-119250270
-1926958313
1310286150
925430636
1489177669
999165245
1625658739
-90335350
-116489418
-1602807463
174328983
-2041205568
-535375768
-461384587
312043204
-1980127864
-1721380517
-1902812352
780662395
-1013587658
-263984209
205111314
388051042
-1062014045
983295482
80053549
-2035162571
1069040399
-1341982246
-1434085563
325477626
1598038083
-1754827955
-894798783
-1918681480
-640500490
-1959169729
1343695427
-742267415
871343217
84319076
293223141
1770561518
1185127029
934994248
1761275590
1001366978
1549993052
-1203399005
1332337988
-298513486
-155238275
-528252687
-1635013494
-1167844660
-1139830827
1564715586
302075340
-24374826
1384936930
793120078
2093038033
816677249
-1931037998
493907660
373911985
1445246942
558971869
1298593795
1726629856
-1748308207
-1316497938
1685808800
570832234
460272451
-1764608376
1052698058
-1742520449
1143157725
983420647
1378870387
-1922125518
-1712884750
-1320770203
700349681
1679568253
1376095740
1665786143
-864599604
689266056
723418826
1201859544
969769945
754958122
-1512166471
582897180
-1845795449
804411311
-1532717022
1719380392
-906014856
-1953673508
-326599150
1399485961
-2094818733
1103214127
-1742848448
1610834818
1870037464
-155713430
866736955
1515882546
-1805273804
-165155502
1376646115
1105509238
1276254358
-799216204
87748889
732742540
-2111468543
1968063400
-887301447
972765560
-885142685
484598553
1823770568
-2093070550
1805433831
-1494657405
-1360257558
-785603616
-1946174841
1406282750
-277343210
720466633
-276512796
-186929540
850996364
-907745301
-996315815
-1480528050
1299159557
841996101
1115510605
1390830572
-1252080596
-571043273
-579723064
-602629131
-771465395
210351906
-60212152
957993844
159173451
-1914579125
1506829781
1065084260
416935383
-1483401468
121317971
-2097651082
-640615458
-1312543731
1728647190
-1440165872
1828120131
-1435607497
787297467
-1317186663
-821404210
-2106429878
-1829669835
1864388083
1413849699
998016808
1335651622
-495342775
-39743114
1602198833
1015215727
137423626
1821812670
-614801431
67295754
-335993804
-1451234776
-1389223464
1248717078
-463304235
2056186382
503995057
63552819
1856058318
-1669375832
-1012291658
-1799767280
686895066
1848368578
1305243226
376318529
1580998350
604841391
246908199
936146517
1696916001
734485117
1296664290
-1666061017
1944198575
1232698473
741061612
-1200386444
832082361
465915285
1625621994
936558766
963809584
-4340488
211311016
2043150095
1942100018
-564839275
-513748166
50451696
-498121004
-792473873
-657596316
-2029536678
-2033368030
66164667
1009941819
685090269
-242496157
192400343
-1533960437
482240416
-618924640
1451678842
271313275
1538269625
-1040000665
-1825629779
-984542737
-1378389570
-1241691444
309102586
-1487301331
-581754980
1627634096
942529890
-103570622
1517512102
-1687299003
1771690387
-1992792666
1327310320
-796271663
-262836902
1848443806
-275078946
-1812788815
-826251946
1654982881
2041086199
-1305452384
1581616110
225579646
-1876471810
-253536711
-784959868
187098620
-1748588221
-1873559366
-730172950
-2131601726
411090230
1772999946
-975486444
24681913
1980889660
1997766908
1764862223
-1292368081
671215301
1827841493
341764401
1399855870
-443565922
1394997003
-1088440686
-1454333203
2082837891
1216250191
-1013429318
-2019019947
-1793300232
-1733288499
-566192741
304093703
-221164712
1534809522
-892163391
-913451155
1654421037
143882734
-682819129
-339704338
442114498
-563612870
-1052959988
1253233559
-1708447753
115609180
-207711833
1185968631
-1357086636
-324482903
-1075460201
-2037899191
1723984223
-646422325
-494100161
1053930456
-943631567
1673768900
-1377106928
-673070433
-317595834
1371901491
-1400107897
-277162961
-1165325931
-593966636
-1177800870
-1712964395
646565600
-646353075
865843693
1411188475
-146742196
2066377766
1979999755
-531919154
-1748872140
-1786458855
-1345850158
-1115638751
714937401
-1849287541
-363264787
-1392261488
1791649949
1468507482
-439445496
-1042640920
21375185
480288217
-293209216
1807425734
1259223372
1641119512
-852621222
1413170045
-910209379
-348713880
1311895159
1707718973
-1647161917
-1771581667
-97976571
-31742608
98491836
-452523371
-1990972873
-746927257
1467809371
-2050724743
1737040951
201818677
-1247233954
930086210
2138465627
701203163
-1154991425
-163703553
724203927
-592907099
-962201270
1657755732
-142847182
1174625234
-952786833
-380829243
932811964
1740000890
-1676414375
220855092
-1059387841
583537580
-287383234
-669152344
-1941001804
-2138795818
361003768
955555151
510272185
-728815255
100432341
-584917051
491742591
1312847037
-758542678
-20100458
1178132745
-1517359567
-243484626
-996424703
1245812882
-233831530
-1253688444
825749503
84992078
1267803597
-1002106343
-1975817341
-197611179
1503575982
-939597648
1638922242
-7288612
1548302123
1836567482
-1637328076
549979813
-891921228
-922567446
-1767835876
-1643594056
1460661469
39317001
1774411334
-1608256941
-876214210
-2012689146
-1575458737
1803723806
-718879334
-79327920
-370636118
1532738466
-1476771261
794425960
1900181920
-1818219524
-1276848964
1888247729
-291744360
-956935731
-87603808
1432525194
-586946408
909687924
1450128065
-2130795618
1926674443
1971050111
1414004883
1720006778
2084761284
2061574494
1860107723
-1852418465
-916561086
-323618727
1158913347
-1878475431
-1196343755
-1446572349
418834976
43432592
-656014015
-1347347089
-622093771
-700721955
-282522111
311063395
1925866154
1273507487
1876794702
-423076405
-555453736
1764208847
-1259391296
889101104
1241004407
799560530
-865476492
776359401
-204810245
-1670637938
1936482063
1929191889
-430249926
-685211072
-785142269
-614164167
164067409
538885515
1815033873
-1917536992
1968201928
1003787347
67212302
1991535777
2055428340
969407947
-548812311
1411229612
452685213
851179596
1598907371
1111077112
-2024882721
-975778200
2119946305
863916856
958440021
-826861249
877123255
1623397772
-519265677
-1155132400
-1898174778
-836154566
226548787
-1839000302
-688111152
-1689720163
1474609651
-1016250492
510870953
1474256733
1674793629
409846531
-1836688551
-799224864
-822202360
1018575899
1954074143
981429759
-1178519651
1844185631
1871449785
-789308676
381976893
-1590514116
2078680802
1894647476
-578492318
1471449036
-1418895076
-854111728
1585021827
-469073433
961554607
425647297
-1039225411
553158208
1524393456
2051012139
-2078964049
-889337555
-2135303482
-76936799
-36631387
1586840327
-1764801686
-865087021
-1481100041
-1376523596
122830701
563552132
731293363
1205306753
-1090631937
1917476735
237763449
1322393652
-1653657491
826805195
788769446
-492075679
-782235157
1136360477
-1942093131
-1389148932
-715699309
-550647410
816108769
1181950255
-1839880787
2046081421
1793898253
-757402515
-1683165391
-1179589610
-5373976
-1510185785
1165555849
-691304157
-223420084
-1761740674
1317815962
-2047358621
1774863591
-1504550952
54458885
-658360791
-1839902948
1069156407
-1330747735
-1753944922
60795947
-983413658
1272979308
-1203392421
-464974962
-1168714186
-1373406661
-584664888
-823628378
950994249
1413009486
837428841
-1423431785
-601198803
1215692464
-621587742
625197423
-1181954900
-1382814978
279998584
1023611533
-1086658463
675876974
1758080195
1361068096
698311310
1435588883
43928225
-1162050898
-688431571
1120126814
-596285586
1214370806
-678139068
-275074073
-2127339663
-548541031
-895335811
-1185176723
910493080
245708821
1901340149
-443025125
2122654312
686985426
2085026644
-1697642228
66973230
1598229058
1579315997
1909870353
386628218
-1669658045
-464203450
1953025457
-256459059
1635019463
1349135115
542300529
-1083687791
1766555830
-1824969218
-1295395756
1670147656
1396387090
1546437730
702258596
1152611848
1120296028
-1147983175
-1444038157
576241446
1240438837
-1001370980
666400604
2098628401
1512410953
-1596297526
-1139174898
-1462468062
1637201768
-28990334
47062282
-1245704751
-2113638923
663969300
2145104683
-942692183
-161727869
549530293
-1385352089
-1032151137
723261372
225089427
-177761453
728311647
-840505723
260017705
725579500
309351624
-1745588385
13747155
-740248429
-1703892838
1749456400
995167908
-1492851111
1424302702
-611605631
1761063799
-1218010755
475795174
180406761
-1159397052
-636284622
133301540
-180992213
808832436
-2131494492
-1233467521
2026424701
-703617290
-708286659
-1031079052
-1573258679
1280102099
-1990029789
475065562
-1177791657
-628862209
1399168517
710529113
1273274923
285922994
1629916695
-2109458148
-1128931925
910025079
184493402
