2511
2511
1295496645
-819842555
-1825257660
-1231895776
-1123759967
608593615
1628405193
913877967
-2058375396
-1194130577
-2100497652
-1531453980
-77878153
162059708
337099061
1371321147
640928695
-127615259
-317645914
489738893
-1287041824
216066705
-1425018545
1570911544
-261148317
-126888889
1204404287
1466844486
-828531756
-1661485296
1353844349
1731352487
-1335953697
-2091154597
12893208
810747585
-1099688068
-66595040
-995204484
-650104534
2086391393
-666209210
-1919601402
758358196
-532833096
629850441
518803163
713334185
-1115783150
-623779817
-1594697227
1703604823
-1975383654
1737115451
-250700930
-827317554
-1920387955
1446857021
-1135447711
-285877017
683913193
831991367
-1938385636
-316349303
-71331996
-480197621
-846088229
-2025324505
271488927
1453819876
4148162
1145743756
2042075547
507236155
-372207990
550209242
201167212
-1052863956
-1746196145
-860950577
141392939
2129575016
2144434599
-1526856886
1027545392
1669343324
1086183414
593694989
-1121711488
1472506002
-1921290496
-1168352316
-1897658236
-15613097
1090287807
2135586630
-589554436
810812574
2102850678
-1710242022
-515761870
988482084
428747269
-112533188
476887922
-201871916
1377865343
177068319
292829113
1601696364
1068948985
999339766
-1970923605
807573087
-1345683804
1685954351
746759626
-72453891
-1712946914
1079602751
1210669029
-313524784
579326468
527682724
1904012493
-1476806071
1339453643
-1527382233
2069836110
-2087568996
-1111834673
-1000867998
1089445981
371004135
-1955642964
972515457
-684240243
704777625
-840935475
1267000396
-1151340344
-1620037615
1026610753
-440974236
-1420124614
-426732411
-506232619
-587865140
-1682502256
-1927862235
-736705186
-1565627221
-1397082783
-235030401
-520009898
-1592574385
-842573844
1746400037
506663081
1598795637
-1876602364
-1711981684
1030257617
-789598009
1549100359
-1183876298
880356128
-918776923
516944278
697585683
-1853972132
2097740071
-1789996608
-997704412
1769164688
-1705366174
-1542172800
1725546850
592718881
-1847758102
-1374100823
-256608035
-1344526561
-777256296
1928933279
-1044206553
-678293539
2045297549
-987694839
-930221582
-749289534
1597177718
-918095676
1746257655
405446241
1557763857
-652684262
-1336066023
717148871
762215151
-2060083405
253704906
332903957
1678929018
831038411
-1226133587
550198093
533547833
-100835547
1793002365
-2067775376
-1664650670
-1079973058
777695788
217939143
-1854084528
-1361819834
-127135665
-572587903
139162406
829829963
217571000
1544927614
474524276
-81620169
-141722524
1476702569
727568904
-854553348
1879868055
-192317172
-210044250
1106761229
768407365
-661687074
-175401204
-1409752049
-47332940
414375649
-353191121
101381328
1401111902
355570090
703957963
-1691475593
1218070299
-977997631
1457431066
785314045
-643727233
-1453227478
-1962055710
-1230234148
-644971136
-1286730429
1288744885
-1637448955
221831260
189616848
-350483084
-756128746
-542079047
-1508724140
1931195156
-1484749620
2080576269
1869303970
-341650012
-367475787
787829055
-1161129038
2007817870
157756458
-479386226
-1291712584
-1511396068
229618556
-1583231310
-1360395918
2077453374
-674491027
-504955840
1463914945
-1353858934
-787840030
-1840687534
-278815109
1051218563
454761941
410606438
1875391615
-333612771
-1142333040
-1175734138
1681811209
-1811412864
90050071
1759805353
682381382
1813809420
400107493
1620369497
-2066479318
-1034921315
1325077723
-2100738411
828743297
469321743
1448018805
2032141304
1030455620
-1252765948
-1378348738
10413850
-349192146
1867161572
1621484677
-218077899
-1800395635
-1858594267
1621929297
-344507893
-1296032675
1189529803
1583858065
1194435079
-866856046
338109234
2005747864
-1697410398
-26669388
1067783691
-510875193
129078536
-307520847
1645615268
-638012789
-1945360646
1392797166
1172099691
-208033910
52807158
1344902814
1241715892
166901016
-83097452
1128215127
-1036833607
835285743
1619946034
-1391383838
-798633502
1257598751
-1134318381
-970922926
-192269241
27849795
-248974012
-1061386153
-826151054
583237365
385090944
854047443
438494569
-355363197
-656131755
1329759149
-997374486
560266466
565455174
429162982
-867940872
1303079394
-1744300109
-1620067351
-1982051434
2094613923
2018741303
12558630
-1661365806
39917127
1928511824
609095905
1887865092
1413977320
-272971707
-896435642
1471772503
-428892724
789415748
448031169
-2068505208
1572368343
1370289610
603461516
1946706926
41676608
509295431
1436076936
168645561
1487003527
218862593
-361485743
946331774
-1118287706
2101485624
1360969612
115951090
-556762234
914293130
-434677374
-1004208651
-2073859660
947088024
-375649806
-1420782894
343360596
730170602
-1903304670
-1227370043
1823184469
1259491599
-1056067529
-1516035651
1198542310
-1473583864
-749896762
1957036642
-1820366553
125611238
1924616106
52950872
-990365149
636129714
138652439
379216837
1884714494
-950588788
837207023
250747408
208569194
-394372074
698170452
-291265556
-583287713
-1312880110
1444289917
-1110604140
216307467
865845065
-1568592947
655099735
1445194246
-2134675538
-1545213919
-1708772265
1250279369
-1025394493
-1546071447
1836856717
-757502624
1904755772
-676740743
-820303345
-1608392610
-1015467807
-511744991
-908388971
-1436002286
-726358600
327237498
-433085895
-798687753
1026159458
1030930050
-1180910979
573837680
118417349
1480009451
122437522
1099274932
249968619
-2116057297
1750228951
-1507796730
-194501591
492892648
251810207
225697834
1628355203
-870147491
1720546871
712710419
-1455858865
1920509535
-1690097370
131308000
-1242471401
-1273378474
-1872248906
-477722359
-510384957
-806683498
1123908787
2051735509
-1891335433
-1940002570
-314409870
1373577231
-162992198
-464267869
-1991058156
519065848
-174025897
1363161137
848209676
-1642735745
56939399
929235442
-1051248163
1340095919
221943759
-39524725
1001406760
1630748008
-1519849433
1898141636
59536869
2051482193
1231094236
102064798
961458160
1124718349
886922934
1906186666
-1970533433
-1570303572
-1099093411
-1415358312
-1834735470
1250055011
-98455048
705998094
1217446499
761573247
-2003084778
-1317570374
1939745981
1464569239
1839007441
1447731370
1272082778
887413505
985358896
-1054515750
-891218136
-6791290
984589517
-912653554
-1813654123
1606756697
-781466441
1931398114
184596492
-137018300
1711812249
13371678
1318221246
-1703333853
-1317966565
-2116010417
1518338469
1031785110
-1438752121
250610834
248551109
282501105
-780273488
665896626
-26622796
2039076727
-673879281
-928339339
1960919132
2052730568
1278644014
135215922
-1282114304
1911732375
-939016376
1186441639
-357412484
556749471
1041058609
1327936777
1524837840
-310376745
1006539635
1972867419
-1946114850
193252324
11481786
-488349949
-720023950
532699342
-732505743
1839466393
233457027
1442316278
-1945583700
-1702325246
720881336
-1899903673
655741256
-1140568131
2112009005
488711083
52623440
1926057340
654900086
1730557377
-596694622
-1707335434
-63228189
1267348940
962271185
-1644436997
1440869125
1585416430
-1526812595
1330564296
716261233
1083885973
1253492417
546050972
-84518461
-1759673036
-833121604
-1699695221
-474677787
-1941790410
945218450
1680240273
-411169135
1941412655
889925252
377558249
-212231660
-361949100
-666182882
-870058081
1234771795
-325289939
1435070944
-205122972
-148760813
1082613384
1313247520
-538629471
2046905716
-1018074960
1199361070
1353001421
1042010046
-1633451553
-1325606727
278546691
-2032504225
-456422672
-2122076560
-1378754098
2130260788
755124568
1981840620
2035742791
-1166803961
1705824598
1567202252
-1246965150
2115930456
2114838377
-1118971615
965423235
-1525843616
-953232126
2000800268
-1664287913
1238550354
-200323973
-1738604122
859536097
1089484515
-1633322937
738546207
-521311533
-2029620212
-920075927
-34833367
127041567
-1603278066
1287870761
-1365839722
276378572
1700961462
-815877627
687638591
631629581
899969762
755635174
1682855464
-1842367346
898750787
767147923
-954009631
-1601666287
737058403
-1995418262
2087520302
429600057
1224040682
919302988
2090047466
1258541734
2073693468
-1501053479
2019623
-1840011711
-1237832027
-199243555
-202823526
1217580504
1479416472
2049741577
-353910474
-783800596
-630049355
694520037
-442309098
-596114230
1514134250
-452377851
899792543
1216887768
-221403620
1633121146
1100652773
-1056371152
1305945894
-457722229
543925837
1330105714
-153075423
229653157
-353016204
-1165408811
-558319130
-896896113
1915485263
1293371007
-265634352
-491565855
1162918291
1781390103
1948736454
1623691190
-695653289
1015679639
1735409015
1578397600
674126582
-1624952986
1844322279
-530615588
-42378694
-2033894235
618123307
-666359354
-1411341898
-2068085560
-1664765840
-1127650930
-1580481934
783340905
1812597057
-1769538004
-1451662387
368507992
1080470280
-1762654319
642624159
-1614476810
297575381
319649310
-1250070883
809821378
232459614
458709593
191685121
967705140
1147025222
409140190
-748777622
2014468297
-1059016287
719776659
427414016
-549462177
-1512834120
1538360607
503196635
57290178
-2089886967
1895928731
-1108664667
1685394054
1618714256
-109572726
666528381
1743925782
112251468
1960123398
-1002121442
-1267662067
904079100
-1759387332
-490214592
1524743108
-2130210263
1191948826
1166358078
-306117333
568912489
-213076154
2027556856
-1966373156
-454786079
675883345
1664676602
-2141872019
288723211
1573362732
-1755589411
-1135287291
-1936766024
-400683558
630792429
-1913772495
1447176792
-409686937
1538996491
2083796728
1193846137
1197115160
-1638620971
1794152492
-61058675
444047075
965293827
-367999742
729567471
1542130209
1139220755
585621221
-732274136
-1361371263
-361738968
958256006
-713814419
-811017152
1402973743
1361203255
452050028
102168982
-1237084605
-2071259527
-1153586361
-691509901
-356986030
1932166611
-455009824
643895914
665350656
2133094116
393616983
-439397651
1898203851
403997627
291566032
-1796000837
-1877164689
1455094118
2112599161
-2109961835
-487833973
-187093304
1603005899
-1305500105
-1805935740
-583963472
-1865855729
72083590
2135693480
-214297818
1739681315
718183429
1482870166
-1438267386
1950131837
-1015030899
1726145502
-974685485
-1513873808
-1470207171
-929391644
1920094660
-1897284946
-220545618
-1130284023
1776473123
1985387021
715167851
-337490421
1082123735
-574805107
1693584288
-279654740
1113024575
-472375143
1519235344
545469329
-1734110144
-1578123379
-1958386100
-336368787
694378913
1711495800
-1224083935
-1538507682
-851341419
2018307618
1199793490
453485718
-443866471
1102130512
-1298868602
-833085122
-156275840
-116491194
-1868154493
903937942
-254743605
193044620
-1199752804
-281011104
277850942
-673240843
-2129518744
845788542
1672139439
-334704164
-1755014732
-490917414
-1197432800
467036593
505389498
-1094450299
592513040
-1467090509
-31789422
-67499998
-333932531
1870608126
213625832
135334789
673083022
523927496
-1893898258
471290006
-370582529
-1187256089
1913089172
-771537797
-839024356
-625533034
-1908279306
1889845237
293928577
614015863
1914832918
924744458
-1508144766
-1671619365
1398386122
-1911515420
788396600
-2057186495
444996343
-1010343431
777791196
1094813725
2077483007
1481620075
647798871
-2054800935
145034359
8696496
675750937
842044192
1286350621
1916820597
1531172649
1596459609
-928370423
-367796801
107650684
-1559300751
-718460895
-1165413293
2084513931
-60975651
-1148207918
1211321176
208370719
1112760543
710029052
-1292417222
-1605099410
914229255
1324320301
1313090512
1262367339
-1651898884
-2116970223
-1919139648
-1255081126
-1761037444
1949931561
1931860002
-1740514142
1813260448
186257339
19880803
1402119398
1819897444
-1875208951
-135478677
-80240043
630572134
600609477
-193799934
-105118143
1033633518
-1893996349
660010607
-732926482
-977059538
-327331088
-2036331678
-2028428116
-1506764854
1682426754
-232773101
684389160
1669412761
1371888752
-115610454
-1792765954
1878221997
14357541
781671905
433849745
1300776336
1424953711
-2064234521
-218914529
1264133840
-1232151875
1813515655
-2032451825
-1291914562
-1094224759
888500617
435292301
-476913294
272886546
-45551528
1089336920
2059117841
1851671375
1932562404
-340251430
699045457
1687815967
-1774040631
61506936
-803166915
616489156
393900976
1779161387
-1697967563
-901973614
-1644312075
-1687297969
415511353
99356643
1780416650
1667808187
-167458458
-1596884915
481426970
1063090961
2052500159
111705623
-1128979087
1068119126
1310835760
-1800677656
50024730
709853380
-730286128
634789312
-251173559
833647326
-1537565850
-558200532
1609866235
-351053371
376675118
-1619636043
-2074808485
337307082
1090421981
-2058455655
-22985113
-1177255357
621117153
1049944765
2070759379
544340130
-815763476
-1918167071
-850725075
1569829059
414440115
-1834494955
-630685631
-2124799356
-627363342
1636332395
1672795326
-773698406
2035673268
338555885
687734809
2041201826
-1459698992
653317585
-146385487
-360434570
1070148022
865487595
-491004621
2071943362
-1674016405
1814325602
244293951
-1486105386
-754845231
-457550426
-1734294453
329740220
747157548
1416402849
1338605511
-917467507
-370527007
2020937516
-136679038
-16908288
1301723519
1711881156
-667755701
2079288643
935324419
2099301244
-542459685
412320781
-1950962601
883008821
-1536307214
-1736561164
216409372
-301604339
783621823
280652027
2024927400
1726179861
-1270985596
403215727
-1571178158
822356038
-164167558
106122482
258261996
20515252
-1102298383
-894298409
-1707331696
1090599939
1340886203
754093489
-1916605025
1925340954
2060150986
1310050854
1546040839
-354050537
698534936
-1548146936
-451576893
-1661410430
-970291258
-1975602523
1480009127
842177732
-138544760
-2114264738
1216581469
-240533287
523001407
-1309518474
-402057558
-914682300
1714252519
-401878996
-1841809162
-835734461
1309413299
-532176886
2030896394
172546884
-845690507
-1815142273
800548122
1846984855
1418667331
-222028117
-403733242
-13018780
1757174359
299972474
104061148
714322142
556211767
746160884
2030208929
-497388104
72161045
628564178
1207451217
1064921815
-511405961
-2082637229
-1512394973
-384651446
700667418
1783450960
-2076884720
-107605642
993909011
978703502
210940822
1444798869
-1812921544
-2059427501
1388755641
94500705
594238653
-2118976965
694605642
-1855398133
307259425
1902433099
-574492821
-1842716302
-2007279542
-2129480890
664431441
1960172433
-564886289
-1731782081
853465675
438442296
-2101395147
-1753745
47801347
338929406
-868484964
1897147464
-1223783932
-117321867
1307883036
1527689929
1720188284
99727263
-1356301941
1172213012
1322290498
1554140833
-649330879
761184317
884109337
-1722088266
-1099112963
-1286984604
-837193930
-1002799770
1584275210
1104718853
1653519615
1986113782
-926698339
356406413
182207509
-13946590
189035137
-75125711
-457024876
-632978167
-2036306699
-663295749
2106148249
-1987915672
2013520340
1540066597
-1176606460
60766730
1854738422
739177642
-1290567810
929219967
1413325014
897689625
-1111271747
1738183691
6719604
190744747
-196113402
1538310369
1880588157
-398579304
-723579661
-110539631
-1643545688
-112858459
1857904758
-105002051
151898722
882223105
712440861
607702291
-1400786516
255857489
-619763305
483207798
199277380
1464273417
-1318043530
389331326
-410120702
869694717
369047605
598019875
-812680827
-1634878153
-750266755
-1436529996
-2021976050
1699758602
1615265187
-1449976819
-1484608853
437533799
1026350965
1917876488
395711383
112626543
46733366
-1181829581
-1924623648
-616503736
124712422
-1877936445
-1581602486
109596467
-465539130
593700809
210027891
2027365342
129143322
1774058147
566042423
-2018025738
906388016
504074932
-1913297579
774299392
-90341727
-1080239529
162734418
1858651753
-1111359530
-576015600
414184861
-79410981
1441619149
-2135067388
-27452941
-701335087
1779587101
1724412330
-1560823292
-1593708435
2767159
1500409283
-651027881
-162507640
-796535314
-1279310201
374318954
816261387
-546885576
890123808
1808814876
2122999676
-344937419
881027931
1017766991
748470491
750985841
-738006884
1993612489
-1232693329
-294366619
-869409261
-422127269
-460716197
-1097107133
635630381
-1000894396
-8418123
1355419891
-1292553396
-1097477674
-862182440
128121688
1327010233
1553772378
1998253881
1017290199
243153113
1625893936
217168888
1565438232
545921182
1503927610
-1906772104
1798097166
-1515296704
-1886381445
1801775665
877320501
1326518061
-189634822
1618430916
353712410
-798348994
-2100825364
-13794225
1709829408
-406185430
117824529
1994469122
126957440
-1494686657
-1497952163
-753552910
1035974033
1434957390
1564407515
1887895340
507940169
2139677926
1512260302
-1204104435
47869699
-890125627
-348302055
-1271462959
1520594817
-45282165
-1772761120
278181481
-330564043
203152305
611532910
-288256880
-1854833732
1282299064
-1035009192
1170022431
-185256790
1637647525
2062665443
-1619894368
801817740
-1381293652
1437290402
-172908510
-825940694
-160488662
1303339875
1558804555
-392172020
473851096
1507589708
-1668695885
1239320639
19581245
1556821568
-786623121
881089112
-1381462172
1251307654
-1487186709
-531287879
-531116081
818859436
-1607526404
1836934674
1169446059
1351937961
1774686004
-1149923286
-1058127548
-1070563775
-1837125256
-118639393
1549876410
1411386797
1693042640
1942506347
2101810165
77089658
1642553982
1642958312
-560068907
-287337039
-1415378095
21225237
571094190
531193911
2076330298
2124564570
-1510155277
-688386954
-176436961
-849456119
-303865552
626136893
-492388369
-1150892058
-1630842563
-142491420
513137142
-1661926423
-1341664592
-1612409932
467749745
1859586369
2000173715
214068357
1751701093
337669532
550942806
1752820135
-1106257493
-1441743195
-1653519097
1154114565
-868041393
-356902450
790528447
2086786695
-948547557
1354431567
1709347167
391600056
365357678
-2084925587
1137768828
245434793
1541827153
1688663295
1845601943
1109304340
1222991051
2129483821
758132625
851442883
-346757004
1494992507
-1286679459
-1730072014
201608519
131667205
-1178717193
611081331
192286140
-232827380
1635118484
585820241
1817580822
426353328
175743258
1571750072
2147184377
-1404158721
230228689
-773871020
1469408319
-1442165203
1261499995
1673033079
105713931
-367737563
-250682143
-134747585
-1818114019
-1205724864
-822689137
1887834871
2060965735
727381331
-1247840447
-2045851459
-776568351
2065960687
-2046779778
-438196635
-682933607
1693822435
-1752706396
69453213
-1204441843
-1851414523
1635448677
-998397359
1516273340
628020529
-334481551
691142736
1665250810
-517128302
-2128893580
942673711
-486227452
-1795779552
-1648504765
-243333011
-375447469
11179880
-176330159
-1467116584
704707380
-2037407085
-823507865
348339758
-392651368
1925934240
2039350164
-1553486330
242798632
-1060592653
-1614079391
-942816528
-153128036
-1449255916
-996582071
1693385435
-1696928691
1553241007
135457383
-947521097
597832456
-919316766
-38053775
-1216581797
-1055088860
-1726725704
-812228380
-982739033
1414774230
1664607983
1757575552
1665310957
240831171
-882712831
-190902025
1878934668
1759288790
-240942239
-1681038624
1818901982
-1086709165
565680645
970331889
2073676627
-1959744724
-1424902876
1814896493
-329605667
-1348421485
-915518656
686852827
1120656015
-192740656
1733544807
1213611256
1764823680
-1717379501
-1479986763
-1836596498
-819833611
-1080931060
-1354571748
-471157052
749256638
-121810694
1031651175
1992779288
1575563744
348607490
-1090720645
-232345588
1106576500
-1346979583
2103342560
1306218110
-1099764274
438299172
905964927
708443771
1884320480
1086486646
1454625453
-632865804
969837280
-1776279366
1825904743
-128416590
-1102948055
12503418
1947618271
177362567
235741534
574869087
-331473097
227237061
-941827627
799550659
937122955
-219119372
-377946063
514483588
1310098741
2005717694
2020971600
1234970651
1332191563
-1831634130
1012948328
1442257644
-463797396
154742553
-2036671124
889541855
1324876988
-309472036
-1437231437
1704942638
-553059028
-1554099897
1732741083
734707328
-1481376770
-126767144
1577517547
-1943955913
1304953992
1559501355
1268202679
1587319046
-233123017
68506289
-2062529144
1943948229
1183805142
-1593334112
578642939
1522014088
-149026288
-1851290838
-1016630999
-292717587
-1363543757
400775664
-2042585848
733809333
444252214
-125968199
4664848
1519016085
-1606845187
-1740785570
-205732063
208547662
-920374822
-616130808
-2001133661
-1737536261
685552727
1819873694
-1481795089
980894889
1456555058
797474936
639720429
213668908
769199784
-281150632
75746813
714228528
1174348278
-2057658215
1903010842
646029198
-1844800228
-503669848
1904661820
-341447968
1308288995
1350409907
1573528830
1229491543
1503387425
-418331743
977609601
12034507
-1832623813
792791105
-1342322801
-977998061
1778915052
951900613
328533763
1523229334
1792791619
-1898028175
-640675481
-1046962142
-1314320910
218076302
-1851256611
1694923515
-1085481276
-1741418075
2065339715
-1921815497
-163356305
370443497
150146450
1186912840
-1970773364
50987508
-1670909050
-359053862
1178775266
910127286
166497667
-1741246497
987726314
1229599657
-1857918281
846777575
211277967
-855999159
-438043269
-935814732
-978211788
-1227421501
1385428990
616310029
325802491
-87086612
1903382308
1507762898
144685636
-35035020
196741035
1597906000
1444260980
-664528293
-2024984177
-215789098
-1370088713
1260433827
-2026981968
671981960
1594866567
-460738234
-1536566863
-300546190
750784429
1336835434
568958498
1056541408
315451784
-598770990
1423203040
-1077105428
-1699350324
1531457944
-287687237
-513889193
884220941
-949197031
245010266
292336284
192459325
1791517487
-1105337765
137510466
-1482717069
1115935909
-2036232002
-656056719
-695468051
61475047
-841798781
763532232
1738938456
-133076231
-2124365680
406153837
-1295906226
-809009750
78453464
-1813503643
2131754527
-939145976
-1614454598
727053092
-745936173
805786390
-1196968794
530633575
-994975377
1432218556
-1363100666
-1239108030
1205028983
1742795774
780152922
1313846388
102615988
-1874878352
-1908220251
1424466178
-1306983369
-1763502359
819116295
-1080368126
1549540509
1516533622
-626794837
725855927
291829139
1889927314
1476378082
237100254
-836858212
-1830960493
566080656
1321277255
-1151420655
-2032953754
-566570298
1837501350
245320553
-1384428674
-1825004624
-751383126
-675839302
70205705
627384497
-1619020465
480120960
2036260452
-909364532
-256422288
-1518002532
-356016431
1721067077
1463365023
-1053989986
-511269785
-2122926969
1406713400
-1822566074
1119618633
1567590472
258629043
1916917575
1096306202
-856858646
712136762
-1152936369
708827312
598585892
-1393649029
-382378173
1584860679
-1564018463
-399954754
-1546917169
1657119863
-612563352
80661305
-776948451
946758441
1763903676
258355107
1069763043
-897837113
965730117
-2114330618
1370279075
-1510231182
2093983407
-2070964519
111755566
747029241
2047319825
-1272604595
-813803415
654358086
-1892691886
312445159
-1484012205
-174281957
-845672248
-2037278386
1193107014
1768468222
476336673
-781051034
1223134844
-1510560654
-695838586
984011932
-1273308204
-1098221721
695812093
258253187
-2147253034
1287105778
1600484366
128794272
-1846117644
634477120
-258343511
958417537
714947858
-197615928
263342918
1846662420
952522312
-1598636608
529389389
-72740811
502826214
-1444785455
-2068754247
-503908984
-396177992
995532301
-755029513
-2045643384
782499722
-1216406752
-550522349
1846084576
-1467454738
-1809262651
-2024858602
1633391865
1820643900
-1221706372
-1995827031
1423007955
-1063135783
-1263975815
-839391747
-830865640
-1896128324
1717777887
-1348797970
-2080264082
1848367406
-1141335251
-1262507418
-75962100
1966283216
2140850424
-1301121025
-495882096
-1394247966
868237018
1916657388
-1439880434
1324307393
1840244394
-1879453159
516415340
1480461489
-421350163
427115663
335974124
2053585117
1593465995
736388381
-1442041335
-1447851877
-1195177531
-863735756
-270733689
1677902835
430004326
630209554
-157934907
470986081
1261238584
615441187
2144510549
-1123365670
-171197767
-692571997
-384262194
130770700
942139662
1279308679
1990606816
782116074
-1919403720
-48653411
-1497284184
-523554969
1144959877
-1794194190
1426958404
1182647168
101142856
-2081450637
-1868205654
-628129152
889602508
747999446
-1728813387
-1149107585
1329662597
-597309766
1241012352
-614309077
-420678008
-319258868
-1179164937
1338698442
1574996284
1449445549
465759402
334688127
-727914415
811847249
1974979556
-2030202677
707752177
-178645590
-434611972
1153172822
-2122650570
-91026236
1725926890
522223855
897259227
1323141554
335590172
-1226115375
537686069
-1031921558
753977738
-1159119832
1894614115
458650349
-1265368568
850939603
1548625348
-1536237654
-1111829030
1955382378
-1533785687
1124217380
-251685747
-916150911
1766161483
-889112110
-1802601724
543504686
-528539649
1543400261
-1804621872
491488456
1347873703
1808789392
-1953791803
-553745423
354442347
-1070021149
1075273161
-289514281
137039529
-892347527
581012719
1046222006
-1420217815
-1671021132
852558787
412715168
137137557
1436273285
-648130073
-1836470656
-673463001
-1687944431
1091610846
-742038948
-454502236
238216337
165874983
1573471193
1892486280
463727481
-1222441843
219506692
14529154
720086236
1687901629
-1729109169
1070630178
780562958
1693625625
-717787176
-2072147248
127754890
-980469045
1824764913
635941888
-71022570
-3301861
1990520028
-1619744605
1111648548
-1653951995
1970078166
-372279072
-2058783365
1541738246
-1983364266
-1938217725
596943126
-1852549578
-112436586
885338293
841222476
-1132357221
1942498642
-265308819
1114032176
1206744507
-1798850097
350070822
-110601670
-1624919950
413871902
-219199918
-1497613786
-1944751866
-1126120031
1465376270
-2144544996
-216504968
767892430
-462592618
-1881061104
491415836
581311282
815109626
-39061
-1542291349
-2053068359
1335721233
1728456170
2101427736
1909566252
-224150866
1433820102
-1140333216
-489220358
609017105
1444829461
160357798
489039418
108826784
683601520
625429310
1535630832
54892247
1896270548
-2105745016
-346195570
-143804293
-1135914035
1131037249
459438526
-922605803
1563712464
-480018923
-1078305954
592183710
-1878893848
785353335
1584675532
708571254
-361951851
434290869
-1450252446
-1923150693
-1315791376
1536801350
-752080060
-1797356010
491633427
-1164632474
-1639298216
1697562040
1154171575
-630442780
776405909
-1893087738
-1029807843
1259688506
1642038145
228360049
-1994634446
778072286
-1617613068
2114765770
-1061751059
443648983
160900897
-739093260
1671460348
-387084654
46981078
318997210
41342622
-362418699
899564802
298957987
1062383314
-641974604
467285112
-1593736924
93369777
-587703068
-1780199438
673997462
-414118120
-1516177203
-362845353
1060311432
-869454455
860855555
-1894114496
-1666145514
-649105838
87458231
609691576
-274758053
807785455
1809826122
-589043901
-1504453341
1889239724
-1059929566
873121313
-151639067
1549460366
927328705
-560955949
-1595632401
877957491
-1127224045
-1446068002
839914211
2128966776
-1938992634
-739811634
852387425
-2051493990
241432160
-298376067
2096147205
-1658305377
-573067316
-1344275307
1803143060
-441871818
511727925
632689746
776940913
-788459427
321053014
1330907276
-1007576235
181071618
1433677457
-1563009292
1106433854
480017133
1931865088
-771829859
-1229417560
198995164
-1488284726
-125558082
191624186
1890485999
473909943
-1940150603
-1762106301
-198106042
-1642110715
-1172995505
838055973
1997643496
28216443
-1992988858
1786037521
845590502
753151935
990210314
1165814708
839790015
-1508687132
-637994044
-856931152
1941818630
-1437617849
747790231
1950311567
-2033399998
-194297702
85785640
1322314484
-1464431596
-789490367
-877432736
-951561966
1471471775
-1440077860
-1171236240
1417849698
567415075
-2036121564
1846877205
-740732272
-373679893
-1102821126
-1822286051
913680309
-308550551
2060751293
-1592762839
-23042101
-304475746
306630875
345257395
1173242461
-480456001
1617296298
