2884
2884
-1177697966
1158850430
-1370695915
-2083043464
1212893500
1698496763
270097956
-1525504032
-1442413556
7588563
-1926637297
640966239
1393406150
363085543
-1916944838
228552486
689294615
1028949997
948138801
76681009
369322976
944877482
647590088
-1958060137
-984879115
294763616
-1237645950
1332415012
-2115424479
1125495172
-1987290570
-197881052
1035321709
-769759308
-1341154065
1075934337
-1951891295
1422028775
1032287764
96491024
-1731593205
690124261
917056456
1334376231
-869866370
1750914554
-180152429
1025351026
-928074595
-734504474
-2002628031
-1791746810
-1256318631
-511094505
1582086666
-1619079754
1376313015
1104377881
1221768946
1184825765
-317758250
-807509171
147743090
-2135961316
1451745584
1545167064
-178524328
1452363678
-727453664
-1845033506
-1884189973
-1274446280
-1734395229
-1900553488
1597700178
642879260
1879848034
-186721342
-1157649099
1492864624
-1977600529
2088877601
1482702500
327402595
-282036401
-2047724509
-257799880
-1582996350
1000713912
-388194913
-862963849
1858952776
-674998373
-1811161889
-370898308
-2026052869
251913699
273236628
-7436073
278426805
1687120255
1136313609
1314420657
1563726528
1663985182
177272475
-1185562060
1385191207
92070713
821653352
-2029931735
-1721509495
205912150
-664691129
-1084381982
-1380881616
205805961
1382102263
-689452199
-190447519
1321248830
1835180954
405929113
-1643750667
2042465334
898848611
-2005787812
1017891368
1088280783
1594667150
1021052917
-1234398288
-1875819897
935453584
-919651472
-856073711
-371693374
-540132976
-1981779721
-388049
1194932171
276980757
-1612054154
-1437963740
847832856
1430706175
-137112190
-639726765
-33482799
-531340357
1127092598
-1462316611
-1083582573
665023666
1640488927
-1881553261
-788886672
-142229503
-123863527
-617522165
405800762
1600471663
1712516921
-962498442
-933866239
-1252078693
-1883440851
-994382190
359198937
1176340597
1010061346
-1362092260
-1395360544
851460335
2098074661
1877213097
1758540158
-2048377613
-1328085748
-1472744778
-1329754642
-425917289
-1800728425
-1783210755
961875197
850358158
-684384559
-1599011830
1125573138
368687073
1706344636
2036417036
938279533
-1082031137
-446847700
46326512
1399062195
-1403249838
1111422963
-138297685
1187541161
562314227
522129214
2042258647
75956544
215236894
295308094
-1876857471
-931640623
1229886153
-1449636854
705594176
1301420968
-2029416526
622584259
-660243830
-250880826
-1431083305
-1615701256
1042876994
1335632098
1593152555
1774884172
-433587820
-11427919
-1035537274
-972786602
-789653755
938090855
-1053383460
2072683208
-1401582395
414064252
1730748593
-890977838
1352754759
1577064371
-1859890228
1353886408
1093229331
-1640306089
1054774058
363308801
1844687578
-311778105
-1190153931
1864811010
950097610
908042037
-666721994
-967861796
-1939053532
-749478742
-2007409145
-564309550
163894282
1884747852
-908326900
-1389393090
1919896733
-667606301
-1236832670
1408207028
-2104004793
-497945447
-1356957863
-1337860249
-1467467692
-969402623
-742056928
1788304075
-590199865
-785708198
123923390
1245050492
-1865348245
1025020179
1366706505
230494813
-285380057
106655890
-928982703
-1921628924
-1064488810
1553575472
-1027026276
-1510576043
1271133911
925133192
-281926120
1537801324
-1890297951
-1092621071
-1309822451
-48669504
-562311015
2065609032
1932260497
1349337988
543589351
1413634546
736358721
1120151376
-1189316858
-1432228576
-753517011
878116608
1677945563
-1838887851
654273556
343758812
1428005129
569782564
-754172464
-1419040263
-1344331133
279786046
160785171
-288551202
2113428322
1384223916
646949459
949927529
-1760681993
476441944
-507978238
-151915021
2034528036
-1083975983
2056831234
-1642451534
-1694333465
119488334
1378934360
-1626095521
-978577353
2133988083
-1129504737
407071000
678740755
-232667565
-736992834
1091910535
-147846185
549750069
-1962446499
-271549886
340885712
-1576793701
-1347930988
1852305268
-864694509
-582459649
1897522277
1701096381
1980162442
1974801887
-91057044
1568886615
-1776657073
1443343228
-218793644
125452665
1305153340
-192009763
-62348659
-1881048577
1849892546
-1197915110
1902123835
429572426
-558491143
-2026016042
-1788500367
-2052879772
-1947783431
141219084
-1616672098
-769143960
97068647
-677652209
-1452531641
373258272
847967058
2027352523
-1688266762
-633961745
540863551
62905424
367569778
-807827471
1550320002
926497169
-1243206097
-1455454624
1152484559
1222606952
1964945671
-1859433415
1111184912
-1062040612
-1510626006
212170783
-1407612552
181619110
-978785709
1813656958
1362352855
-477147919
667554876
1767118578
679117359
625756514
330806100
-1050692886
-189055608
-662586793
148929710
200926856
1893508096
1141848690
1809263931
1877271243
-686615003
1948405592
1005347899
715024368
-620503162
-1748587083
-1301860112
-457977068
-520069753
1298676099
-657700971
278323742
-724811915
-1656863092
1982796173
-761245221
1308570586
-636756691
-611906337
1276885609
272865041
-719780005
2008493794
1527401945
-1615268068
-301635093
211566132
-1694474992
-556105548
978628109
1783781360
2069612269
414624161
-1080459495
-1137634273
-1034963536
-1454986164
-30662514
1728118126
-1524347239
-1417041775
-1918508970
-521908191
1926182863
-890208806
-1876235954
-1533529016
-2131486589
-119229847
1243625990
-1168971985
-626362539
1493564404
1099154372
1272350746
-27747594
207568246
922285519
1318550577
-1966518002
-2037576125
-486786839
-1454334535
-40059041
81600093
936648476
-112285052
-460152023
1745816582
-1795208263
-1839225430
305046224
-1160479082
-1219864675
-907403143
1528665532
-759719282
-1582746186
-1921278295
382527104
-1007934740
1654905797
-1638102572
1897100093
-201270336
-1596050587
833316900
-1898082232
-391380481
-1421895861
-1100461491
-2101079798
138865814
1455317198
1005888702
445676327
1043999426
-250066519
991627282
439273442
1205646238
-1257724416
217410764
-1783670848
-1688339715
1981397664
2101347908
-1056834454
-1149501575
675197835
-1676554021
-750961449
222537163
-1103626574
1020481397
47396778
707458397
-509866236
1893674024
1246218200
1169820189
-864367705
-1832931280
-1743663219
-1141846124
523382660
-558414042
1921764688
-1176184522
-1049699063
-177110671
-2139742364
1039395835
-1950635479
-1851962884
30382449
1302138158
-1146132313
-1207418071
703549540
769337988
-1342673260
1994292996
-1256931181
-184963217
2138678038
321980092
-1622035933
-745759820
396694378
790160718
-754745427
-1430589637
1450988587
-705451646
541565727
-1180467419
1012871891
-2104388837
523349216
2006026275
-850035838
-1677926583
1917258039
-969436667
-2130127106
-1006311326
-2010695699
192706705
1886389499
-835777327
-1332913616
248491414
-2005076325
-1453682354
1950497465
-1749612480
1848872247
-1048317361
1600402481
1134146988
-89718433
-454600515
870095312
753999550
280507935
-7789077
221283911
927061810
1531935876
-1255748925
-917162784
-557061647
1433439070
587292225
-636598046
-1711073627
-298864826
-1273583835
-371284167
1389679759
-2055506206
-1166766876
-721762730
2009804439
-1004642457
1788748767
-734685100
779668644
-1785707169
1371064534
1003451227
1787543085
-177758805
-1884618849
1554029641
212458000
1085717195
448661778
1368348558
-1156397150
-1113480611
1710122055
1474012247
1093731590
1161639651
-1389973757
-1396111890
-603685182
-1517241911
1583585646
1624309600
-1259959153
-409015899
-76095222
-1777392289
-1009752208
669794496
17467104
-817763734
-1823838971
-481552428
-337332997
1288276266
-1413757920
1175892247
545261338
-1748979425
1463236248
1032220536
-99407200
-824125061
-1554295715
1377484327
-2007103025
-1214357939
27866060
46361691
-431884747
235326434
957768517
-880836273
-1450342811
-1045562264
-355213319
-750334836
-1111745814
1402792915
831333896
-1933199762
1123303032
452945411
-1426084406
1206326496
2005882213
-226757850
-386110868
-1348466583
-1473753001
2029233755
233446847
-1540479636
-136948163
1277014679
-2097638068
2117627307
320051586
1011673548
-526244693
-12067316
-1960850304
-1662285241
2115629332
-2146134880
1622206770
1461452377
-1357192650
158388960
-759414738
-105680327
-1703654329
829120569
-1270021423
-2052234200
871278428
-673771319
-1443054405
1720029910
1123280889
1006466155
-1074433923
-992481788
1376537836
-1390480911
-1012118639
-176394902
-755386794
415421103
-604035702
441381338
-313992695
-1996619200
-1639039349
1781634212
584116505
-637565308
-1429278467
-170260164
-602965331
1704850407
-185906564
-186583782
-1093152747
2106679785
-1051869167
-1399561759
2041169441
1840882649
24605094
914140611
242616240
-1886860829
-1347243850
-778723805
366630279
581316173
-1122320829
-449611653
2033842019
358519549
-779291635
2040939903
-1681675696
1572475710
-907621120
388735618
1236770875
-1302794813
2134343917
-907950823
1330996422
1422158571
-658299011
1869911293
-1492993189
-1242471610
-1776249247
-1956118475
1840892547
1300638295
765095630
661712244
2128488568
1296949659
-795931096
-528453441
-763519752
2019522506
1527928317
893068882
-1543852965
1629411420
282033972
-1580148796
-2140389400
2124615502
1851288709
-1647915159
-1260454045
-1049336539
-1762447316
1552514551
307900394
-1388202190
-1966229288
1472222827
-1722602496
559714328
327866857
1688798253
-1520973590
1220527243
1687888603
40722290
-2056700615
207394906
-1392035332
-256261151
-1022993240
-2086228050
544779877
437235064
2055028007
1880576147
1487500583
-1096106063
805935415
-991643464
-567179837
1099733728
801538936
-1934455950
1529694688
1403397086
1204764544
1741462534
-1699818441
-1352982037
626283501
516790311
1620513489
-2096671024
-1138284099
-475572547
630419572
-906332860
1703922908
1578815207
1573886298
-1965909616
610640382
1426717507
-1649256668
-2039273355
580724142
-68276884
1509406734
-1102038963
-989198169
-1218341436
1189737826
698673263
-298435230
-1521286286
1352518961
1772964568
1579404016
-1184423762
-1825684671
-1553808378
-1009223415
-1401245893
-1723925183
1405355303
-1678792348
-76707531
-406081981
-660601741
2120217160
1704356364
-1547811478
91068373
-93893022
-1296317488
-13839390
-667970096
-1687554599
1936598190
1690000912
-939548512
-1984088929
560263354
-961737718
601358239
1612239370
-1203342354
2146659657
517417706
117366178
240160882
1061274525
-306320060
-1944914628
-538473187
437619040
1511211066
693590087
1835321403
923051758
1751598726
-925410203
2144817808
1052052308
-1025439560
-643033283
-1274759523
-1461150650
232314898
-322874993
-1692897247
-230444714
-872711244
1200494472
-363538462
790859363
277908472
-95061417
-285177940
1530761551
-1556045793
1941526271
1710717593
1008142068
-10603988
2108831342
-822645357
-386868393
2071878928
-711157041
1060324375
-1128163042
56416518
-1958916581
2100393275
25914431
-405218752
916686326
-38419215
1594039290
93238723
736686264
-558445171
-1940377592
-1402179442
-1153630263
-1369170556
-180505324
2011012353
1957298993
558493046
-1604955030
2047683197
1456990830
-1880378771
1478341358
1937902407
-537280888
1778323559
-1164686514
625333425
-1789908637
-939200239
-1231931525
1561509243
-1048797613
-342441259
586718548
184065654
-1182402571
530195478
2067837604
1153358186
-718758084
-739410246
-1855812530
2135116345
-1374056502
-1740351512
-839045946
-948656573
-58405504
1477597202
-1202944573
1435037196
713367384
-909095115
1058103602
1274467612
903619441
-959006369
358245741
-893172698
-1139863445
1522370417
1499244716
354572652
-1166166028
-236376026
1266517947
1568508769
391028387
-1830204077
-1349078035
-924397169
-94094076
1842170224
1436068944
1763375035
876396019
-69738154
2017400353
-1179418810
-589378003
558005834
332245122
-1404390699
1007374627
1045277753
-217866390
1985663028
1192562449
1558982725
283044316
1019964535
1027387471
-248872064
-1582856357
-491882910
1786812903
1011660278
-531707748
-857703670
-273318041
-642187792
-709531779
1633030331
-961167881
1634039671
556182070
-1860531172
-1883056979
837015575
864421325
1705141137
454397471
881728228
76542927
-2024413984
-61952199
-452761406
-1838813380
442442006
-1102889135
-1303068448
849923266
1511010987
-776159880
1479878020
283370030
-1461370396
-227092717
2037993741
188657951
-1653085320
808022953
1064253238
1267861756
300936566
-687396355
995481239
-1957112793
-1378402715
956658271
885137009
1673790578
2012607148
-2000344514
-381293398
-1816374575
154965044
356990210
1132095510
-351025583
822726731
-603814376
-102810889
-405522871
-1736269877
-2102575026
1561620935
-675857458
-192787077
-597846432
-385023436
-5814677
-31850828
2076846289
-1170981269
1559283729
-17980857
-408118017
-1503610727
-1295668148
-1422497378
-1948939919
2115197614
-500920649
353447968
-895331469
-47597981
-715627342
776041690
-998583835
-1894329986
1516015185
-453522853
-1090139826
572912212
465339031
-407576354
421565751
2071933071
-314209565
1649446574
-1936223562
2061356593
-61587030
348027590
409083976
1835310296
971950182
1637895607
1459504868
1660744515
-763893555
-380662578
-1716166580
-1519323372
2060883270
-469269643
-732672347
742014679
951090328
1165614809
-92858038
-1341517758
2047714532
1000267725
-1053752612
-710885698
1806057941
1815889645
-220762979
-1931612634
-1820640747
1856790278
1749490430
-11813427
-1972563966
69257653
-530534539
1292050373
-91479647
104002125
-51221612
1877467230
-1273465902
-1806808322
-1592618665
1075782125
399932613
-1029785550
1498346685
428560590
1438753196
-1561342406
-1085566311
-1522216021
444357553
-2020621015
1773355177
-340329475
2003384362
-1810675968
-1141191961
-126027054
-933812213
772111371
816321055
-393028143
2036257436
1784805769
-1177288767
1646975099
792059755
-764643694
-675847432
-474522189
2132306819
-1789629643
-1451226374
-2118201985
414719453
-1571750432
-1297304927
152419088
-1214017770
180609796
1543737659
-915861761
160430178
599266041
1948296349
-892237351
-820355648
66812446
-1915352962
-457282851
607430511
1851852612
325709569
488455939
398876319
-659899316
308481683
813767744
2119172460
-713972466
223189239
-143930104
1692082695
-1671702404
-990900322
503296020
1467008309
240052230
-1173845701
-360099739
603108349
1431265600
-920634217
2025585031
650884253
-140229182
1821140129
996985882
-38412611
-572547760
-225390136
-380889458
-1525317913
-1042577863
-267797363
1523906093
693779765
-1009948669
-532173485
-1129872290
-826311861
1619471432
-1037988487
-1040051161
-1444930169
-1021795878
1978545578
-346930189
1512125303
-629051859
425201011
891217813
-549833845
-867815178
-502099947
-1743253876
1146666507
1153547791
1621281436
740993672
818486090
-533360227
1307125551
-1035363796
-420746980
-232070540
1378621866
-1418322922
433367940
1843918521
-1471643287
-1280446949
2138322098
-1462526264
1151718502
621124822
-1947396053
1222310488
-1160157306
-963000476
836738377
2072767453
-1882888145
342514536
1851647206
-1059529171
-575317219
2094992725
1427125844
1017167974
633549942
-421228309
-48453745
-564110323
720198939
-2071570943
1222939829
1562405242
-1594410688
1776340357
-321021259
1225131636
145949758
864320193
737347911
1914794775
233641383
1780634847
-2059927525
-412010242
1042146203
937311407
-2038322347
-2016534371
-1417062823
1714195110
1426346807
-623470354
-1949875944
-1242826455
1736782623
-533301937
-1273359337
918384395
-1067562060
303179178
-290055181
-760254892
2142282844
-1171600170
57467447
1483418436
1794420720
1388501308
1230340921
-1267888233
2111817907
1117848509
390335779
297184777
1821439871
1091164371
728710223
1476291100
1332116032
-513396746
2026186968
153442327
1359003046
-1597033152
-681264787
897915218
-301023722
-1474369197
381349736
-13387599
533398497
-978437254
1881169951
-1820210323
349154999
-925359602
2042916728
1211324954
190530653
-387230438
1886986178
-1821387292
-1954072930
-1616212159
80448195
1382391324
-225684354
-418023201
704796685
2002901491
-1186948427
154313071
-1520647019
-52057468
-1833101477
-1187697876
243404677
1548613911
-741223201
1977552122
1891262544
-1003264605
601423933
-676655483
-192447993
-1459873388
1390001775
1750590122
-1413165077
-781090097
452879652
-1759509482
1557909314
-1110951182
1130957487
-746571732
-1525517714
-911696160
-72572606
2049498156
-70815430
95083132
-1193275045
450125968
-1714380169
-761172813
1923352445
1686083257
1852138183
1698260928
-557094621
1311159499
-1756883784
-1557663317
1893836017
-1762380844
293539348
680577297
516510252
-1745032141
-333543818
-1664495061
-1604267156
1568085047
1688886048
-44306424
1690431632
-1139800826
1169144844
-580800995
1468832753
1658775999
1101272640
979926527
-889432359
-240075549
119000934
-285110930
596306230
-1337182224
1965074075
-1300531051
-556113782
1544722766
-1060581754
1024351375
483101221
2018272367
-208857939
-1806168531
1044733078
-524320719
-255481341
-1113687818
2089092190
-266446970
-109420348
1714055790
-2062186521
582344790
1557951365
1315786139
1426667188
-1548047197
-458413690
-20407612
1627281368
-151819794
1769598026
485883771
-501494868
-478055719
2014028393
2071691998
701076668
-1116842227
-923769948
294070809
-1582007295
615480669
-1981556166
-1790844626
-1964293035
-1480637397
-1068767879
-1654543368
1222058275
1878869002
-784051817
1690264428
-1564973987
486381732
135116994
2083816226
-1284794445
1141461982
-1537154699
-1739994349
2060088577
412122937
6893068
-242763356
557806088
-1552920709
-12717670
1539711459
-463875232
-1745457523
-1982087686
-890740209
1838906029
1622441895
387710755
-1236795811
-1835473904
-372948567
1413117888
-135814151
1914111712
475460556
341668608
-307963830
-1000731238
-161161095
-544292950
-650192774
1888688405
-742116744
1239468147
-1804767947
-309689607
1766225997
-1151574637
-2136295760
864506738
1375107550
1711866773
1124021484
-1739858401
-140884903
-903160978
-78671813
-1895122352
1290768468
-1494321199
-1600133629
615942769
-540678603
1886139329
1756929473
272778944
2104239315
275897959
1305807440
630128454
589123165
-1625632731
281303915
-199276285
-2005745798
2866410
1969857392
-680015253
-375376718
-1683433528
-485493402
-241722607
614482443
1081220035
1171513153
-1754633566
-172089097
1075498474
-894188444
-20864236
2136209517
-387019604
1491917926
1283521054
207815509
795312227
157473304
-75618838
-2011350744
-260144843
472678087
1884989704
-1144103721
595019292
1564450237
395962790
1930204652
1364717890
-1613016050
-1062926338
-101255185
190614929
217544848
-577689586
1959435274
95179146
-806582230
-1416355186
-1451413265
698334038
368546385
106877215
1972774137
-263988710
-42866224
944990656
846057105
-1011328881
-1597203001
-1644061307
982267603
-104129327
-874774795
-2084999543
39283312
1024299382
-1879067335
-1952386780
1323005141
1221389281
158869845
-389518247
-176920180
-1458043944
1979860725
1132170642
-926605342
2140311636
-1226908945
-1815764082
1626047690
-109126248
2130383308
1141511322
-527587583
1482969221
-2059150713
-1913551874
-1268194958
-297120981
-477744748
50289338
834586587
-840677725
1608161315
1193977714
1871821231
-679135717
1236941733
437291429
1767718718
981305137
683708815
1107663909
1981060371
149443461
302279517
-693169469
368314780
2132907913
-1373649191
-836534455
-1554509552
-1721204070
-307372388
-887197268
1217868684
1322136660
8077013
-1412339838
-586532481
-1446872287
1159455304
-1567637839
-1203750328
831875091
-1084777575
188391273
-904761059
-161625100
-467841333
1160581459
589691950
-1356729958
-1515077886
-1732792310
-1045960183
-366925442
450294928
1279177417
-1141753536
1441921679
-1678409938
788806502
2089725512
-1055781820
35723401
-506191745
-1963547740
29498863
-647599360
1466279666
-1866647487
-1965449383
-630718292
1788534418
-842825692
-656228726
724344480
-150170090
-974349502
109641447
-1939763087
-1009968556
-1983785298
-177099390
1266132984
1748710576
-539673607
1647756973
724170070
1919032526
-1196215595
-1800265520
1332312888
-990228082
-1860560645
-498077572
-140942501
-605385415
-1338444722
-201524801
-1766099118
1483163895
-400252096
1437991609
-857415290
-2067627132
-1480249484
-1207739537
1414494846
48545571
-1384962395
84184799
249308769
1518562002
-1969807931
-664956589
-1155594568
-591910210
-652492183
2090336250
710313079
1155511289
-1784340893
-1902099020
389707325
-1981927575
2072375728
707770668
2023810778
-1840097277
-1684650348
-1250818005
-1630912494
-2128623559
865903619
1212515371
-553722464
1498163888
724402755
1499145259
-1824240515
-5094858
-1829050930
-93040703
-745489823
-1849099021
1053312124
-95828107
1598511498
-2115238179
-1630201631
-813154741
-1993294661
2121699185
-1915566093
570718369
-1177653369
1624782495
-224346896
387056699
-468103474
-136882939
324263806
-2130387556
2075026824
-1548545184
-407058413
-1718118761
-2124000831
1326122303
-554543465
-1200303580
-1064339996
731462393
-1952673978
1270622583
-1950123461
-920191264
-803872293
1430769230
550822582
519287222
473382634
-2047246710
1339669738
659061343
1829085069
1168809217
1311025756
-513098536
951968578
600081298
-2092053760
1254788199
-1574557677
1061380728
545344508
-194409197
-220593929
-1372110621
-111042895
-934676393
-675729800
570159812
774347770
-746800878
1928773013
1603934184
277551030
660656832
1992339689
1615886408
1554163843
1058375663
-262760436
1583763870
2089920461
-1606159381
-1477985992
-614700485
1976020486
1870400443
1408741679
127663383
822415158
1672231505
-778916516
1847579434
-1349772362
1492782076
-74931144
-2121982471
404695351
-592077536
477704175
-1732843661
1105700873
-2121744343
-1209012414
423635709
-228407142
-409071939
275484847
1501424586
-1707838148
-410297808
1361570766
514579568
864658474
-1416745156
757452029
1197173688
2009023948
543187185
-1888397505
193874613
-242003143
-1596600598
1028792417
1839906839
1098498302
617863873
136211294
-1005495104
50813469
1346781380
69018884
1065411991
822134616
951863272
-1300724010
-1477540196
968640174
-2087420675
-805469132
893756221
-2090281178
-95654621
-1753061959
-52176921
1068883146
-236121220
1871787748
1289421023
-1132297994
-320606686
-979834375
-196322735
-68398382
-282857893
-5089751
-1311961687
763948060
-1033324533
255095792
787857441
-1928421846
1193927785
203783102
1212413594
1550609199
1030962165
38587097
730686127
-661532740
984751017
-2038189439
-1296929529
-1658118006
-975734418
-199125676
2101252331
1688174710
-2060370991
692188915
-1350935272
719958732
-1336616714
-211197466
22818261
-1279963705
1872785612
-151500868
1493300294
1388187992
-914958718
-248955018
-1943036158
-1593350618
917388601
-1471527387
-403507228
-832681770
-353338374
1991697874
-1371075810
1291330955
1984371945
85157533
345926547
1092970416
1107078075
-844665304
1155328100
20365812
-543164572
1471721781
431917003
-434081130
1955412757
-1800627315
-2127373528
341247970
975987301
1673663011
-1475280807
-501913350
38984909
1520612217
-201726898
1022633689
-1825917862
-1961018813
-813458725
1488345493
367516573
-11475383
-215883824
-189755932
-1968183579
397152145
-1239738
1483900640
2041029808
1201555388
1638552379
-2086348786
-530757283
-251613776
-930325407
-325608548
-1963122138
1228756855
2051968050
219138281
-1121320114
1617491558
-355986873
699723595
-701373034
269490561
-1087959318
2119784715
-1159043339
-408178146
-1444387607
-730670412
2080907911
633781959
-1717939027
-1850027379
1434391492
-1726398364
-20630390
1464867939
-1582728971
1920654745
-2026448297
773717387
1154869476
-774776723
2074249793
402083110
-223047725
1128872491
-380600612
1308974246
975620014
-1318889076
968187514
-518101871
-1401716861
573316885
-1367658048
1066367365
-1642715599
740338622
520793973
35802491
-1065022369
-1869068844
373092765
2145861967
950497712
534032415
684386246
-103773569
1552068916
-1533128889
-1064232287
-1397526222
522797345
1689436531
722703571
-32445828
-1955759678
-23933902
337052941
106369760
-544909394
1856423070
-1528730279
1986088213
-1259623107
-1954622018
-955911241
-971699955
-1549895880
-1251555028
-607868952
-1957333198
1973504207
249247223
4215433
459844594
-224001329
-1008191030
1884922210
1099757437
-1423095276
2086150221
387990783
-64653875
-913084101
-2112185141
29348736
852564710
-1785345636
-1061979628
1909949613
321896287
-14184585
101311652
1133058893
-598937312
-1624447636
-1226853628
1669107639
31493228
1260753712
-70627217
517689257
-1525587679
-1288144003
-1392693831
874456920
-664377282
-743703222
2110774380
348006343
878136742
182891580
182990900
-1367466405
565531171
-690533285
160645756
483357103
1798425005
-10920696
1650299992
-1472694363
534231531
-501711058
380013221
-1462265667
1503812857
-1093528904
1861718126
-90975063
-575501205
199845698
-1197790319
1257798688
-750692207
-1169605614
1384492961
1261581298
-1953607684
-808924343
-1638155506
-1183804068
-605275327
1073337429
-1467948413
-716111971
871846140
2141739433
-1277481329
-1876136248
19670551
-22280784
-509718650
493579228
919002699
-1187616002
-1522816087
1033923089
-649699097
482907080
-1228756092
442115444
543659472
-257059690
-2066814825
-39528779
1294528200
629085750
1758995000
-397782977
1671872754
-300676365
-544072521
-1571923831
111489685
1300824839
-246886717
-1960454741
883212576
219468877
-1643675381
805084724
1487577965
2018740538
1025492008
-1622736070
1136036937
719112974
697262265
-15112271
997429556
-174441658
185771471
412186880
1598699876
1889890388
1889712523
725736657
-2099906288
649890193
183881734
1498048552
337681642
-1797812622
-1903072144
-1798032457
1227516396
441978106
1801261179
-79027857
997061975
-1074812049
228982265
-1625577638
-1518667528
-1276010160
409661123
-1621036121
112437165
-41006203
-187636003
580173318
669795879
615993304
-1928297257
-133604810
-2124084240
90047395
339571829
-1073487909
1133678767
1369770443
1044375442
230783892
-1331082838
851008492
1316108608
-564642483
-1054549107
1117139669
1439899444
1822816209
1909212265
-1254456778
-304149151
580191650
-1841290754
-586286184
-1456885790
-2077751540
-131033027
1604242572
1895472924
507178359
-517170169
-54490073
-1782664669
49866749
1406445115
-39318611
-1722707107
1173095740
89592559
1931935371
-1271301276
1652858476
-1178816260
-991580790
-198625744
-12329037
418399680
-1767364287
549115509
647365047
1607731486
1200598987
-2053653686
-1172436875
1214537161
-786417222
1835584523
-1895949487
-1642640958
1272799819
-1187770753
-1765488019
-1734577378
215031514
846920508
-1705454275
-1357273844
226621848
1035940937
264390234
-851697386
-167394438
-1790344699
1112078487
-633913177
-1170673292
-76989880
2068699474
1280125644
-957212441
237008327
-893027317
168206910
1837907799
-426526788
-40905926
1493905312
-1164316320
718924742
-682483108
-774165500
-1958849302
187948557
-1305117362
-1010733133
1388882587
176198057
-1170380577
-1385518803
453112461
-818538172
1762619552
955031662
1415817280
-730016259
457033213
-706221453
-1284912686
344277135
1320434832
-1374498565
-1130258835
2081333426
-1542965324
1613001362
-1791365121
-1785243967
1063345497
117661386
-118445008
-1223320676
-625335785
2005611211
-746250095
-1851663665
1335132804
-227476978
1519732240
761924339
-1288667702
1913018213
-935342156
-1613256620
1259808115
689420862
374075525
-1941424685
-1448716666
690103335
-1607267125
1263691790
-2005504040
-1360969068
527944315
1469079229
1781832091
2097078496
2088318190
-343306145
1948348986
1907947153
-710416428
148720661
571290729
635688416
-2098301593
125367756
-1549292937
-1509802377
-897745949
1253269666
-1735687450
25516156
977215028
1943595906
382851645
-1931289650
-583216143
-464894960
393481755
-649074803
-1182940023
1191834572
-1987105393
-455914016
-2003623493
951262065
-84043097
927619057
-2039794357
-1349123938
1592832326
556222012
-2040850958
308105656
2071824186
1063325961
2027566997
-1268169715
-1163060851
-1451217610
-597013830
-767823811
-472810725
-1423156934
-1663492297
-400256811
-739846043
-832850330
-55476693
886588
-253729629
-159141268
-661967054
590039762
1764656159
-735017691
-499540781
-1484216747
-2016622656
-2089793906
232508477
1783555975
-2097443356
1925898515
-70804429
-462494451
1236425843
-61840368
-1955233981
1111096986
1595230256
1792768660
1144071485
2110290764
-855048878
-2093086105
-475609117
-771954091
1957051731
1609187149
531369693
1992976862
1845945863
1309312652
-1424048401
1633548327
-34351633
-115392852
1956817005
170472178
-1197719090
643899261
883656941
-238081759
1509183357
1737727582
-36252610
-1696980322
1742866939
-438119749
442800281
-349470086
-448986424
-719544617
48099862
-1014683816
-669633422
1850548427
1206567265
396226060
-1627194769
-356339763
2067765677
-735495554
-1853935059
-838997579
1151867367
1951640276
203938151
-1839819587
532751663
-1145743152
1137753530
963008904
-1338397053
-1361293963
1334645112
1389795685
346557373
-1852306704
585890234
1111418068
1047331775
-2124853066
1546086843
731240008
-1493365781
-1316520471
387243876
1032738094
58419417
-2116078081
2056049954
-1638431442
236594755
-1576784987
-1678312193
433448368
-1939006908
1672099296
418814192
-1395628639
1108174785
-866643082
2064876651
-17535114
315503655
453542027
32621373
-364891792
-1097169834
1662288526
-948786791
-242047455
371160284
-820244907
-1556614797
1712660783
2045067622
-1303352186
-1582149362
1546282072
-928198798
114688057
57304788
550207670
1829679177
2066306011
1422659173
-805631933
146001452
147689557
1655272177
-260353122
-867223347
-364330388
1294758602
-2005082098
302236928
-137063830
1195518004
918948295
1935111090
795890174
1156950911
1009100396
-1350446055
-798260128
-454270377
-1911143467
436327725
-1169275720
-1048088486
-1919938799
2000337494
225914560
1649614059
-1604081746
-1667291290
-1491292761
-1482276283
5792567
-2031323192
1691997496
2111904211
-1376992003
40359162
-204658373
1021049278
-1388302822
1244774456
-1093535973
2014042054
-426178125
-203684999
-1396496952
1709942100
292223356
247020958
1161863134
-157886256
-1661680000
35421673
1583266822
1400027184
1019615778
-1909284181
708396956
-913753903
-2047261858
2005299009
-1093003374
387025033
1408076884
551259456
-1887616109
399479804
-1391270905
1763437807
-1304727701
-860545489
-769662879
-19515147
-893073755
2126789978
-2145952646
1736659283
-2141352331
484200705
940783385
-776732269
485978584
488097093
1528690042
2108122689
1397812217
-571328649
-591573423
-623004262
-726240042
1456721901
1215029518
574775171
-627616733
-2078808807
1700830563
516143292
-1092993426
1567767510
1021746947
1625138517
1039933571
-537429755
40927659
1476392544
-1178223343
742561880
-172068507
-972001561
1628110989
1719303277
-283215093
-254565344
984690518
-1231557602
-1069358838
-1979241249
-697871847
-595750633
-643663768
-458566581
-1773239178
2054736808
-518827513
194888660
-930739741
-891588645
-896519126
915396708
-395752240
-2016690231
69052472
-308898092
-1953747956
-1872152791
-640966464
-1665633375
-2006697369
1362754601
454884285
246964703
-2108435305
1086196096
2146329882
479649133
313930079
1229088195
1418354039
618456169
2128203757
-1075840008
-1691326163
-1776774170
835250307
1664543080
1630645135
-96838692
-862600358
-1271900999
1327854195
-1476592033
2061179330
220078651
316438000
728878612
-1585519219
-114222718
-1092497304
-361898017
-439860563
481513524
2059727560
-869522463
-926988516
922611235
1096292622
943954337
-1596459781
1996398237
314770187
-2024795256
-128472322
596787971
402781546
-1566622318
1140242182
-281036136
677725936
-1491412158
1765142287
-1137257574
-534381052
-1245417257
-1325763508
-148588138
-1251458446
-257569860
-142605169
1991275768
-280189077
-379773372
1087667694
1065832417
222138832
1705157270
1192589475
51000381
-1950990673
1905326309
936581940
1445615379
1268067853
-833047324
646548691
-1206598370
2044982757
698011257
-581654010
-1573804899
1008386416
1697442224
-1323835510
771047527
-1467613017
-70931982
-41005195
-565301183
-2015818747
473859189
2119541914
-614649229
-597639023
-33831434
239614000
1423477401
1358256155
-1125990490
-2069795403
-1018824266
502989253
1968263009
-1447991025
-1353473138
162856645
-1878444251
831750901
1648981300
1395083112
372570049
-1800593524
538042593
1073675353
1439900364
-1578054828
334627591
