3311
3311
-558225373
573593560
272351813
167150757
1254855923
300376296
-790477515
429641436
1493154466
2002919966
-941530756
260924354
1127483635
-1722986312
208867033
1170305142
1942098456
1092363581
1227605911
-1611469708
1997822331
-573014797
-73990421
265148970
-453850438
-1135665517
-1833297504
-1387889461
-1888412430
-1435560385
138136821
2110625634
-1018583489
1840143539
-211286075
899746089
-116169853
-491438661
237423080
-493266149
409614439
984953316
612273625
-1396043065
-1173574753
1608982390
-979294056
-397156762
-1939692687
301479584
1141654482
572845615
-1022040457
871095541
2134169150
-1068167446
-157981534
845962263
382156361
865098179
-134968189
1928021937
1811669748
-1696821920
1348481221
-1399992662
-1021673731
2066900021
-1637039619
-1561302122
-599492036
-1171948522
-32382810
1804642416
155252048
728408845
-1622176922
-1738348154
-1802802310
-1917477523
-1560187498
-268078156
-695202104
-110839513
163189249
-715054636
-1760607627
1140965979
-1109918230
-392462988
-195831921
1275407666
-1801258925
2034577098
-2038566950
700549354
442499452
15398884
2094967540
-500527054
1865334441
1826533155
343867833
-7574857
-1100259800
-1854870295
-1280412696
-931335170
-1938016366
-1087676271
-987993082
664410996
1470278736
1462173855
-674660990
-2075807294
-1143272351
362318392
-1370758887
784349030
1481605977
-60750892
-1984638084
-838238081
1251889580
-1441319119
-1055213009
-1123597849
-512502228
131749514
1755722419
333372294
-1594020912
-1869790968
-1740738585
1802564581
1354784694
-1172497799
-1663858262
1085978881
1202946922
-462607809
-1106533691
1439292001
-918806680
2091726218
520227080
-215117718
139774431
243189961
-636111950
-2136980238
1437525431
-912186275
-1346976747
1665839378
1719848405
-1977433969
1022946426
1421509696
1411444893
-577594172
-1700077247
-1263277924
-2072338504
1889193455
-820955060
-2103019383
-1308518378
420544582
-1788519778
1459845503
-1582725578
-1742675913
2099211326
-1707315170
549915301
-1308647779
1109151329
1678664071
-969145661
1138164783
-601940025
-2094049817
-753329716
948553784
574611301
-1598492588
-623319530
953818764
-472967869
-855363621
-2099702121
2123804858
240166311
-497570343
1610249386
-1946061186
1303261811
2114645385
2023276050
-1545133703
-1696354613
534155486
882350910
-1558900701
1550780666
-1573747053
223491534
1682373632
754323093
1663075711
1611608918
-1283139823
-1910247711
1540516141
-1485629344
1216121997
-504234127
612451244
-1618520137
2146080976
27633427
-1581041502
-2071162398
98544787
-637037843
1459320231
-1959606034
887148381
636918242
660659151
-1187345295
734180665
-440733127
-1848824184
-2077335094
217594793
-1599824512
609213351
-1324094291
957825498
298462894
1352446140
1072208862
-757706728
913002119
-752873043
548789820
1475920516
248291908
956793986
-1304091648
1875274499
-409405326
-2027510147
-868470713
1208409721
-64102374
-1316102547
1273921229
1950867766
1610092065
724131907
-1128742406
1941546672
-1335479054
-619424283
-24658654
-278734734
1346318937
-743095998
2138832649
-937846700
848476082
729148325
1018183844
-120720916
1162465346
-784697778
-767529946
-1450873020
-1144067612
2095079486
940281914
154059980
396051431
1464309074
-1349827700
1265617042
1089595446
1660213907
-205570931
-1694553936
468619961
1602104268
114565495
-1002531580
932260603
-68755877
1578685583
-1780395994
-741034995
-400908980
-1941585751
1907776406
57333417
1091801763
-2008159759
-1251167435
-73176679
254366200
-198588697
-1516549130
999922777
264984649
1065887147
1941817813
2033625083
-725404405
-1638817414
494018823
-1053545910
-1069043582
-1095799688
-11364750
-582578382
2146141010
772698543
2072695647
1933192287
638022485
-324791465
1795031149
-548146397
-1159140947
-880146089
-759227448
636542108
1108039197
-1629805557
-1778647397
2053993493
2100556692
-745343160
1502528962
1712399276
-995311094
-1534152292
1097896388
391063349
-1034630769
-1959943206
-2071735808
2053720414
-1173816671
-218874668
1742442277
2124336915
-565559363
75267434
453535975
148124963
1631228984
657139907
843791087
608609315
-111922098
-1026476838
1427676434
-1113047406
1004223099
-1227538628
-698895675
-1154437826
-566542839
-738653681
-1283850800
1459588581
-662190358
-1802812074
1060186178
-421222370
-814765369
85338226
258144676
2138836089
-1201625256
-1046503445
-1555371151
1321894373
-2003186186
-1852304528
1371279556
-160897710
-188705683
1122043932
258819411
1293115287
-344613097
723854074
1566889884
-1654942316
-140273627
844058571
2134385245
-242534757
403941439
-2121854970
-81344184
632720651
-1367841712
871642655
1382059255
383055166
-640072550
-2115202804
20965917
1118789284
475396368
1750223876
-852297730
-690799825
1675243236
1561462409
-2085668320
1991934194
365927261
320596136
-635152062
-1052794364
1348820974
69416831
-1783826547
-847339862
1038162820
-1859899905
1903957001
-709716556
-1193329377
879238643
133738834
363951911
279800740
-457433791
-480201846
1755168028
71505648
1510916974
-1696126575
2021674727
-435583440
334347111
-1076791949
-923078022
-1142556817
-1968951939
1314523170
-1637486581
1527620720
-800635471
1062642788
-1296970763
1330954429
-1743889871
-720675570
-342869285
2133247231
1680373282
-562904462
1475720211
828873616
-988197728
-1277758699
-1070119360
1986167374
-1379674110
1428063141
303993408
568636850
-186046110
1089172009
327684169
-1099488
71707739
853121146
-1732377778
-934522752
1189307156
-1978838543
839171751
1963622156
1070980733
790251617
-202169872
-39313557
-253692200
609590343
-495161552
1641539839
-1050900357
-1390027713
1027530557
1148712570
-776226605
186023866
-1224959905
-824565321
1129088940
161208558
-1470436557
-149567289
-1500991314
-19942899
-648152622
-1358409655
1892983082
121506233
1003826482
-1507133699
85034518
1214030518
894377163
-1413886309
-1120684458
398416609
393333885
-99553823
1046412605
1606843744
2080269488
-1260245014
-1189181102
1285784602
613796029
725030086
342262614
-1184629655
533049228
1364694854
812224901
1937343246
-1824775555
-823653353
-1104360676
-416216219
276399755
-1474470383
-1368858597
1073407449
-1808297041
1191721937
233797964
1334327705
-1287790975
-1595078012
-1548217213
1842996619
1472387109
-1666731515
-1389895386
-173540224
1258448996
1199019562
1281122543
1934119081
1973519897
-293514917
1249431792
867025482
-922193458
-770112413
-1586323753
-1266596435
-1974241627
-440316022
1171877491
-789523368
-954968708
1241008355
366703478
668974465
52215372
-726858783
-544267396
-1830352447
1059879889
-674398672
-1718123444
21751304
-924568208
1007027650
784898652
1107118545
1862789972
633891879
1673903002
1258900630
-1205169959
1967299361
753650281
521002629
932079917
475094647
1333107945
1227872370
-1701049804
687175433
-219605893
-245459185
856435116
2090748708
733981059
609850715
-1526818671
167692311
-567971984
676379224
-1359277885
-2125051642
1003869432
-1622192640
1384036581
123770621
-1295145816
120375673
-1333558649
-1161996729
1207830939
-1967262073
-727923066
-942639872
-106652535
1957958209
756466610
-786272535
212385027
1094641415
893182898
-882869637
-945898756
-748547661
-1429935580
-1249250498
-1995074421
-1254300147
-1231326712
14259546
-706982930
981968516
-1909432994
231628398
-1422386735
-2122317029
-215475444
-173987936
1356136400
-2086005855
1983964933
1454460148
449740602
-60145372
-1115068248
138671585
231110680
-489696601
670585701
1268175649
1910273133
-2060513006
-951390810
788555208
-440933442
732247657
-1224039957
-1595595880
83626708
563059777
-1560805833
-185987949
-844846144
2023939438
-904149590
54691280
2050402846
166059777
-861603729
1233161618
-476041314
-1533021071
331675095
-1691640682
-782756672
-259484905
36248774
-1613510485
285512158
-361084705
1539542605
161217672
753761391
-1462638020
1519056536
-1550886695
301896841
163457884
-1108115446
-272428390
-1620924761
1364400285
979457190
2072470184
-1425504852
-2106056130
385307056
-1728095595
2079269159
1274982233
2032849299
715174587
-1792656424
-711300080
-256921595
1268376979
793085555
508806919
-908202904
556674119
838083235
983585297
-1562079629
435957893
1882640977
-892077523
-1087131375
2048755605
1759205157
-430355789
-960374903
-883275091
-1396980148
1414410186
-1838223138
-1332911996
654103676
-771363812
-1911968392
-1744090076
-199860683
-490195507
698485507
-744057596
-609898424
-315576664
152976022
50994261
1123898524
1896950683
-1196079848
1607660444
-211917009
-940802203
-381349409
257460352
50575195
21413005
-1095781479
-307545628
-1008256678
241377941
-691658897
1832823352
-1028748276
366422639
251966055
-667524340
-1816946953
-1579325904
80226569
10526182
-1477802866
-1815468029
216526149
-715897260
1740020917
-1230035873
1192025747
1323600195
-489438332
1113228156
1021966428
1013810578
177381451
565253634
-1880196456
-131927582
1929490645
-752180989
-681609033
1623378863
1350421745
-349014741
1732309700
1553687460
-439820755
-1113733834
341105864
-168469718
-210907164
1351380897
-1661421460
-190355647
1344600955
1059073956
-2146392863
-291312493
-2091084569
-1732155042
884541700
-1364866874
-1422075023
-2123889326
-983155780
-1506878191
-826797379
-2083385583
1235996326
-610783727
-424507384
1056508729
22765300
1880272093
-682678352
-1481492323
1950683282
-798163625
2016503545
1031090373
-505276535
-665858619
-531790323
-1056466024
231994280
1731171231
-336826812
-1669076393
-2018950560
-102973014
1645785254
-652456499
-2013050129
-124204219
-33658707
1197104068
1631955137
1361545474
-1189083314
632231867
-257181678
1002033784
283003450
-835824939
-63592233
1510433110
888267616
-1299474669
-1533453346
-1229237829
1767478454
-1944186427
377581108
431477701
-987249607
940847421
640095942
283828840
1959185458
1163323846
301578826
1857491840
-503608391
-47721004
114383199
-1550789336
-2107507842
1485088124
1213676786
-1583240116
1989659335
1175294246
-719158044
474499196
-989509452
903070592
-1514373911
996507907
-2089476662
-1655705931
177920947
-523006152
649042350
219185374
1566330958
-1771693549
-413755088
917646264
125174221
698803970
1938507915
-1951616105
-2109283034
-110345219
1035421162
-945210982
1148194138
1973649111
-1503205330
313947424
-861972008
1283128791
163229166
1946325114
82585379
247254407
-1395517249
67738849
-641997390
-1595689013
1962047668
-660418134
-31540458
-729663436
-850367448
-1522136392
-1007513246
-684465770
-1047849030
-779732431
-1709360954
1724319959
-162243944
-1638612621
85229437
-1495938806
800162560
1399645513
-1208654871
400733371
-1594603772
1216729433
886686971
746506380
2118387085
-1797464351
204354776
-1018989824
-1635019871
-628026718
1522520505
-305871466
1595939304
-849082853
-1890301678
-1035132135
481937004
-50089990
958163190
-243990730
798971551
88326095
-1166810183
-1094810802
1735507362
2045018370
761735638
629550221
102066884
-890210041
-1415414253
253146939
1963652168
-1986448177
-284702
-859837614
-1386141078
655292801
-1359353846
-1632297393
344381092
-1235858327
1138103174
393313869
2011343661
-757496272
312932525
548239950
-1434704191
1856234830
-1257475438
1540479964
-345476953
-2011769925
-1628582227
1904895440
-983928592
650204140
1527146682
-1679618959
669362428
1024248061
-2059034399
-1720182080
1979158594
1475448362
297111574
670226705
-1828488881
1108939139
468590274
-711882531
1167672078
-1007000096
-2091884126
907200982
-1025549750
-2116452335
1168138479
1816771644
-689123471
576754522
-1974358593
941716591
-628587365
-1743896290
-146970197
-701787196
-1147226167
-1003843623
1774101680
-1824580965
-1961988751
245357907
-409193126
-244725840
-863731910
-902545390
1207267102
482842801
-1271770365
-747434993
400120584
-1946599407
1586134569
1096642221
-561621355
1781244956
806213897
-453749274
-1932903199
-1926251702
47695555
-685959481
1608089093
-1841079849
-1388268223
1183155997
1148569786
1830864018
484055415
-532447632
698559041
2012486901
-1686672405
-1992887760
750045319
1966275189
2100029816
452272430
-110585213
390317339
375200846
-1737063859
-1571044637
2057807188
1552314684
-332895623
-23629594
-1758257916
1800035633
94281174
-896504949
1628347872
-2043554049
-667926468
1408346859
335130876
1313024354
-1064380189
-366173213
-1210023005
1034248513
-1659019942
542124533
779939174
320199731
112752574
-1185870993
867779447
1867103044
-1526694873
-587346995
1864142135
1202535927
1430831461
-1819729829
-1729303028
143608207
2102874347
103617310
1932417144
-588799862
1448813067
1327689716
-361701785
-406155667
-1607576477
-934649862
-1379716409
-1551561785
341646743
2023511853
1431515229
-1333223825
583097920
321697875
1032813014
1123973647
974000675
-1454910693
1580893980
-179460890
-861597787
-630775677
-82791445
-128441144
-926627202
-1299521159
1269310371
-1813022614
-1312617043
809272261
1800048223
1530978524
2045042859
1633153317
-1527362747
-704757930
-1464661022
1459104953
-1263195105
537955126
-206704544
-1345985887
-481493461
-487775159
-566581561
-626209308
221692974
1299678537
349084040
1424431251
520551886
1441602214
1442713168
1134303789
1497534497
-1527692920
-580562239
-985524155
-1723784320
1437315861
1605075045
-137826974
-579401055
223076335
-413594657
-527582683
2123237092
1617428480
-416574621
1886782641
-178946579
-1495868807
-214720409
-1147999674
621278322
454003223
228610202
-23902417
-1158880683
-787824217
-907535851
794163422
1429943285
-699050804
-1472389424
-144990635
1821510848
-776206080
-1758543018
417954502
-492658932
687141592
423722172
1218797181
654257447
-30743669
-345962033
2139929085
-172980308
-225203532
1990232972
581386089
997498136
1048719446
-956354348
687322662
-291639652
1458678561
421488992
-1691097923
45415988
-2070448397
1833554929
2113320197
-1250293257
-983740512
2113166284
-324143488
-1896437584
1459483638
1050229093
62350085
-1590420562
-325421829
-600782246
959891871
136604120
-507595400
-2040761182
409568181
-593913852
-1884299846
-293598970
-1999005590
-821587320
373802903
-68527921
336933446
1434622992
-1941133649
956625600
263539477
-1120578127
1147433203
-1332855994
1757983247
-811158466
129485675
-2107616275
-1486434248
-119965990
1045462835
1215989270
-545272054
-1445727538
-1552172346
1311384807
-852097712
-591902564
-1975999618
-1484055934
-1721315756
1099060820
-817890469
-429419400
1690775356
1711405861
1538907907
-1375632513
257617584
-1510113226
-914169847
-389553565
-179109184
1926314678
271712113
1017444410
-473270011
2040445745
-1524282253
1538394587
363281669
-579920347
-1326240897
2062560912
-44670757
1959875029
-1241871999
107822090
1097976855
699819356
-1901297819
1161231765
181892323
-69520124
449718749
653142668
1620608870
187697112
1637464417
-1142042610
1135157100
-1650199945
-1215168905
-1491918351
-543197114
-2084367573
2051798580
679274230
-245647634
519306041
-693757182
-1571228610
1449112175
-1139680902
1998421410
-817271811
305159811
-354010582
-731059596
1683141484
1620098173
-2199553
-1566400778
-773958652
771782249
1585838717
-1398975606
124664808
2045151345
2047901064
-1750491781
-144764510
1232247937
1792220730
-50008767
-2100326638
1707473966
1698060534
127642884
212735906
-1113637677
1973855421
363610974
1162673598
-388888067
1721464767
-2007957915
-1863242877
-1668894200
925991221
-91280664
1926636214
1624463625
-1286722451
514448375
-1906472969
888862190
-1894792922
-816109912
2026876213
364674532
1873720605
-746662376
-764031132
987685368
-248904985
31841200
-181535891
-187907328
1935776257
12189609
874761830
316473276
400505893
-1404201519
-614955774
-988577481
1019173854
749419150
962072139
-1023940237
506515550
334879779
1495274894
-891942844
1746629263
971609138
957953941
328612476
32175975
-556657279
1028773659
1033508680
1887214464
1783869952
170738812
2129399769
-754748441
-1800389366
-2001654612
-355015354
-660572109
872500715
1774617449
-1495000912
-2102879783
1182115490
1633836212
-577848922
476347583
792183527
-1998689924
736769739
1505404174
-1048587410
-670037092
-380431178
-202494388
1957931373
-1708641016
-382095591
-1683398743
-1986308516
-850033086
-2055903196
-2094222952
-1680243717
-842702831
-846140885
-1074784095
-264058727
-851977099
2070306693
160278901
681540498
-484056363
-1049836361
-106304958
68668952
-440939654
-1987725102
-2030082744
-1589498826
1555973696
1311600665
2046316716
-1077401070
1422293130
1105505510
-1801822324
-1273593486
1820165750
63365837
-147451821
-741284992
1764162385
448587777
1619790925
-838163759
-483605171
-320939786
-2010092419
-1563330141
419870833
-593620408
1444738990
1118302310
-937243440
-1149606693
-807359033
-1939789699
-1604940803
1486088258
2079077475
-1364717755
-1040883267
-1164112028
-882902879
1855470933
-265370626
-1765350564
-71689673
-1905326585
605185544
-75790175
1359967181
1522498359
-674764046
2086236774
-1738779512
435972426
1214958422
-1490819005
1965997796
-707293326
-1764597177
1032045077
263536838
1478858799
-677816957
-675447263
-1789216559
-1578461672
-130626331
-818932353
-2016895752
53151963
-986764004
-557698379
-1045522861
-111563135
730417569
-241586527
793216566
1224385782
286278118
1741911964
-1753134977
1503174600
1387888075
1538279132
724420400
-1448004049
-771130027
2047658010
1727607613
1997114700
550072225
88217460
-1001752923
925688501
-1458911978
-201999980
-1443875898
-1209353423
-174772007
-1943113200
-1999772179
1086503359
2142162309
-1066034157
1742862124
-1601674531
-1711974117
925034813
-1086922896
107565062
1610267703
-1385518392
534683858
-282814597
516313221
648349931
423179565
1726639174
1182767730
2126957698
918274288
-1035519365
1755212326
-613769490
242720564
-1662139455
189241264
-1823218631
-1258448112
141033488
-1589850493
1463980926
-1473582548
116311739
-516350944
847360391
1429388436
-1541110863
519779860
-1005563465
-804227634
-1502642945
1993976613
1692352810
-2135170258
611609752
1372353480
-1164197862
1715077991
2063233624
1989842389
186772868
-566611099
-1400004026
-325988483
-113784565
2056836186
499495705
1670523
-1042551013
-2111979753
-1419079427
-791596919
-1736346799
140384412
185129110
-1224825323
38042905
-1492231183
1327791684
974526516
-1833334120
2055908663
-698866263
795023574
-625771060
287885817
882109799
1166502971
-1065691150
306719431
529969966
-756509019
-1951217881
-464901627
-1343679499
964432207
1137633874
15025152
2119281798
-722642275
1355214656
-1025260479
791567936
-535276140
-1193054448
-1466993626
-1047094248
1871031435
-1638814512
-2146361683
-1545141280
-549573854
1776425576
2358675
-761870388
1847935859
674219958
-1930796131
-1791251408
928658056
833429498
-2018363340
1084857742
-31295476
385128820
-1907550153
2020025040
-103312060
-1350419637
-1802948596
-41930799
-662878401
-337306191
898966264
827661345
-683364276
-339326909
-51735631
412860937
462693547
-1240165707
-1946148304
698681804
1551011464
-1803850834
1421669066
1499030832
-1766810332
1698998768
1572147841
1082326844
-1793510571
-2044474437
-36221801
1864672322
-594163408
963332211
1453999460
-234314209
1372239107
1813174400
1203760745
262357184
763006857
-2013276299
-1327257692
2031633129
2118068056
-512809869
-1141333467
-1024721103
739882910
1383212239
147019744
1524877648
-868002292
-1570321166
2100440261
1310360477
1556204561
1936511873
157715725
-1080950575
1993625419
190345917
1359027415
-1529725424
-1601254086
2059754539
675859698
934525226
137477686
1509081718
-2064783108
176318237
976728994
-1438933612
-1800965461
310054622
-588180126
-494105304
1627020906
-1803744168
1830404745
-412418777
-731937497
887537588
-1789163177
-1304989507
1123442539
-1909248805
1919658594
-510716047
1161813418
1985187640
-979313902
-464580473
-818023972
1495786946
1405254481
469631141
-553017780
-484066503
-56036733
1216798136
-591749713
1114418863
894592948
142218520
530118775
-360939447
-1467070192
-726110231
-482206871
1874372166
-1114286441
-558016060
-1031316
1747037760
1997218832
-1007391337
-1129557340
1986850482
-1824438722
1759538377
773808831
-1339601734
-1889296559
848823457
2050664590
1729632799
1572372127
-1904278040
-1925088041
1038438292
1788250003
2104029900
-383082903
407545661
1331532773
45876998
705364335
1816746867
501155083
-1476780481
579715081
1137610180
74791151
461839535
1738670104
-1448437187
-1563355679
-1797603833
734061145
-1718363414
1820320206
-2100957551
632999605
-309092451
127588530
-397274476
1042067926
1139039726
-2026555830
608362492
104005629
-751542909
2033493774
78229050
-977694446
2024826001
-108309410
1971544169
-979064324
-1620170590
-930480133
-1387770447
-2006923470
-1677293672
-495721800
-152581136
-810812270
-1515467535
1659191920
-2078326634
-1358627215
671647564
-499584198
-1749623856
-723965966
-218648021
-1255655461
-1020501528
-1654910309
116340729
-89934468
2029430507
763925285
-486404017
-1734644068
1242734731
-1670107246
1273986674
-917046969
1697985095
1109090949
1191785504
-1218550649
1443567560
1583235021
1074945163
-1593343717
899846542
105532994
316003237
-842890906
11581387
1246210772
-2007888482
830219434
1193187215
-762525472
406680234
1293607285
-261587420
1369269189
-1030868217
-1048591525
337385147
-1949403721
903665470
734719972
2070429255
-938326062
1462309032
2033125064
41660840
384626546
-2114154957
-1650601639
-593626612
1503841473
1700780390
-565447360
1992309650
-1967661423
1725005730
112238187
-406993
-1024458901
-1599075415
1870746694
1212066005
1886216167
1502319460
-1166447064
-639871279
1636553277
-1378099744
1052760847
-1003778188
-1477657828
-773560935
-4902768
866902005
185646010
241154811
-2044775160
-2019018859
840526123
1814039333
1632000279
1439815172
-618748682
-244658449
1978455119
-1691272189
958950117
-1414404562
-1957799641
-39648694
-778622947
1370268470
-439184331
1678817963
735178605
-1460172128
-754193764
-1678491786
733159146
-1618359476
641674178
850793759
-1516156229
280736425
256387654
-279068130
1540063536
-678846157
-361074639
1863663894
735919129
1081295677
-1772322198
-1418792647
1693422421
1292833264
655320943
-1502631702
2076345512
-161062765
236676418
72666787
681731282
-1582401012
-881448288
136879128
1141558748
20419237
958781304
-1531646052
-430334284
1504875027
1898420379
830951364
-1460019204
-1770325580
343394991
-910228151
-979918306
1050831640
1971640425
-2104987854
-546625373
2085589699
1731545082
-4786894
-994380091
1222277935
2000464841
-1742652338
-2137419454
-30634985
1577216611
1064927682
-807597710
428521970
-619146833
-225034203
-174348901
-1185633859
-361748122
-71466293
341457540
648793341
-816072511
1086819178
2127432263
-1449018876
1715991411
51621375
-555926421
-1698872206
1075691993
1133807346
-391757006
-2087052802
1774196847
-102305928
1929888302
-1839274122
1380668038
-1095150536
-190330342
1426213380
-622656461
-1778429392
1427275238
-770240334
1177974666
1992801754
-629836525
-1721986513
-72136436
-1287030646
1862168385
1188567763
367056733
-836913127
171519237
1812510432
-1546225095
-807099192
1412530688
-1542005494
-1100368727
754676061
-2032405460
1173732664
-506407311
2075742610
-1483178887
981743500
-414596916
52097711
-1010287464
-1055408223
-149175718
-837133707
1369980437
-1296322541
-2058961319
-613724098
-282030421
806605379
27333395
36877409
-992457261
-1351016869
709424023
-1395562021
-149651554
1960048527
-1402656597
-247351765
141605060
2066180262
-293835520
1292909436
1685977083
1693787320
-261498713
1072165129
-1564131187
-858107847
1114116035
-1388659268
1571867172
927028789
1175726208
-1173972712
-986195480
1627737565
-2065400765
1364285017
-1119446837
-374885311
-1499539421
-2030862886
1302100771
-1702789538
-350437226
1189927093
829492600
1264895835
1684257903
-1778150736
1238907551
-1598775537
604166919
-1189538217
-1008967929
1531755718
805693882
-508688540
-1412055726
2011896389
602016917
566296423
-1300441
-160842998
-1748586931
-305532766
-987171515
1631003607
-1342637198
55464757
709660124
1734362737
-309371677
866680954
-218353641
1734796709
-1790597756
123658418
-1575897603
1129035147
-948312274
84791008
-1675594375
1591983118
-252894489
1504794357
-1864397386
621065643
1038239826
-850775508
1146828208
-963870088
-1813432216
413902263
-2066489336
1141104487
-1588936856
2113283995
21710871
-404951093
1457895948
-1088623145
1814871108
-1739433189
-1583556099
1662176204
243218842
1291059958
645381511
2099053016
-1343935340
960140647
-946778480
-1869552829
-1751717061
592150377
-1424450362
-1876199842
-675136398
-391445587
-1337415913
-1719635223
277512336
1781692826
-1282488218
-856669515
931811119
1232926868
-1302414470
1198188682
-1653563837
-597888128
-206673350
-1220546230
-1570716051
319916168
1929575447
-1768303787
475920529
1545242907
1016846280
-1220190161
109050021
-1326023113
2027916349
1380723808
1563963852
1241918698
251253965
888344987
550205347
562388757
-103207759
1243361058
-191493927
-1774128013
1252894133
-1524757400
754231045
-1834057767
-135137748
1075298807
-536422477
-1937115970
-886902237
-572240748
-1809079617
811739390
1087955930
1565355680
-480550426
1405431514
-231114897
1514193856
563508633
-733361341
183512540
818932416
533328660
-641495977
2135329571
1861151156
822648751
-893172693
-1177259065
-76402592
-418919052
1818094539
-1831572098
-721429287
-1581978384
-1387253122
-877742301
1354638955
900851790
-1858781874
1795779569
1489179325
332635041
1726700230
266020334
-471344845
-1851851136
-978735363
937481124
-303785837
494326487
-755622957
246330646
-1379974422
1106570492
-1327830662
1637856242
-471669840
-1341691648
196080440
-110785790
1994564650
-132423353
-104637334
-1087409944
2017341967
-584844709
1768559051
-1870382582
934505582
166057980
1673566966
-2058869302
-1912374578
-2032382085
1743323177
775277306
-1378897258
1317989191
203081803
714397583
-460001617
1283658696
598102831
-1989109868
-49136281
-1990266517
-1554181094
406550368
-1043199848
848288765
-454791038
-705956598
811277321
236448573
1167148824
-1049447139
-1509872109
424377515
986080008
-1674531192
-190656889
-192888154
615538559
-1475370536
1243406287
323006645
2094907245
72241064
-149291438
-1045833436
-1864745588
-415948201
-614041059
296423378
635476127
1426013947
-447232321
-423303607
170287103
412037526
559973747
710825231
1585022035
407218311
752389508
-693492165
-266358626
-876350653
-40724755
-270535350
996388734
-1379190716
1028614975
-1134241741
322789553
1392809537
2126037191
-240319048
-1505426724
311272606
1066148847
241241342
-454371961
1525155621
-1824484636
2145808991
-1527228564
1285687542
-386420871
1393870207
1123067120
-1627819332
1094036298
987595933
-1220953359
957943841
1374245412
1832804651
-481254974
262445187
738186916
-868566625
1323746419
1900932839
2069251357
-1357751157
904329301
-378933971
445956287
1689839851
-79365956
-1674957179
2124279540
-990748739
694311686
-1870361311
587150605
1051638487
-1140834596
-953661652
947170333
1099406580
-1587200329
2137784058
442363685
1927311119
349398182
1377766016
-1641076879
911900404
-1813895347
970704389
-356779199
-497814765
-418598096
-1876959719
-756006230
-851335274
-1274739663
21677254
2053416638
-719238986
-899640489
2129774085
-2139386134
1212300874
1228643536
-84119693
-493551457
863583392
-1698938311
-571261116
-307342027
649825936
1362038043
-1827287433
-844305909
-346264371
889886136
2087512651
-891212046
1878521470
1405112840
727732465
-146688309
717004557
-383987458
-828439166
-1296814482
1283269949
1616504335
-1885049038
-223060531
-1828558974
-81164044
-1206667322
-335046823
682994060
-2077725267
1019616579
-1892861533
1882267428
-1416390455
16788199
270739270
-1798451140
-1458801692
1124928861
1780439301
1260595776
-1611979151
465466923
-699535825
-153234766
894908089
1866646126
-2085265590
-476541195
878360355
-1230350135
1817753328
-306490008
-190544971
1905291931
-221645581
-1139680330
821187546
367707247
1910308807
-200526229
-899439515
-330909256
676186145
-424583733
-1702707754
1475491773
-500006181
1819585502
1860262619
-1342628910
-1942151910
-1348687921
-621104360
-1765807928
-144879950
-1057312138
-1774038
-308848730
-1601769784
379086899
1232618217
1328267160
1450602168
-1460089859
2117224173
-764507865
1082629945
-958885958
780153427
-1765334870
-1538186305
-96858672
1770200001
-717480965
100218912
1631504379
-1123192666
1880917870
-144790406
-1558610079
-1932972602
-155415041
1450916691
2055289315
493526005
-61345590
2048040448
-1933653835
-1261726430
1533018559
521405259
-1544313808
-1828219497
1621235093
-146158513
768749798
2071010686
-284253953
-850545753
854376950
-88267098
-189237987
-126500153
-2025722718
-1974881657
925290293
-1479493207
1073873182
1529918595
-1215549534
-1819358037
502447274
-1222058898
304032779
1117641911
-2070705950
88737104
368160984
84839844
1165352020
635653225
-411671070
1833557723
1382191187
-823323532
-961861015
-1200281027
-1189199862
713128239
-1243947958
-1545818812
-567540525
1181349659
-564666767
1880817768
302982089
-8828032
-2135682421
-1120526141
2072084635
1498730676
1158822400
-749670409
572385699
-2084513125
-646450656
1276792399
895127862
-843589775
1724301212
-938396892
-1667151811
483145926
-1535779529
-364419199
1679314436
416377034
1317913020
-1547516151
-1081620142
-2000138294
-1006530254
1865886489
2130001592
-1831850502
1553067342
1825661993
-531654610
-442184332
136829224
-429005449
1813746139
-1019260800
1833804849
488376038
-642146253
1908350998
-1672015772
-210173662
-2383033
-2045460832
-1742133316
326895624
1481767767
-1824488701
799372517
872359749
817681068
361988064
-1564241098
-1461271236
-316165980
-2088690922
1067403741
444854317
-1016944114
-1720444533
-445602213
736876946
-1622293833
-1811799252
1086769715
-1363074100
-696232891
-1207631055
-1531617315
1536288255
1845464642
1657874597
-617616639
-1699247559
-1001102469
-902485211
-758290463
-657200679
-696092533
2087081959
350350870
-304526290
1147594674
-1078293762
-1014805890
-331273378
-98636310
-649078565
250135668
166716297
-1786522308
1959185430
-1679457726
1803661357
1909108815
1581005678
-314556205
1067424715
-1121207487
922483726
782389932
-2134817334
912160185
87421970
-1660741091
-1163222372
-1762342340
2073252168
-2062257485
-1807541729
1165022912
-1625167814
1871166960
-2141870011
-2087310722
1424490348
-1941272771
-1633688586
-735015668
752028385
-329977057
1821380660
77046442
165157860
1016294825
-1200579712
-220724773
-1488647932
-820491215
1287762300
1994362423
1303220831
425285190
-764951855
2090085503
-1362098653
-502765088
1902126930
1805198322
-75421359
374714073
521879137
284737758
23554244
1214057884
1370337681
-735245191
-464939406
-966271717
-570376820
-1654936079
-936003856
-674825210
658744631
1397115072
856204091
932759865
-446778605
-1380848571
-987266380
1393667957
-1186304794
-1977784176
650666348
118831186
2134105497
1439145085
691496610
-1286022540
-377415324
646189315
1717202825
120125181
-346595289
82671053
1686966861
813414978
-143228389
-882191606
-32813736
1216664512
525560489
-9075583
-1849596208
1689794896
-661260903
-1428467225
733724772
2002348442
716993135
-1969670028
903455560
-1164451385
1978235409
-845104717
2048018557
1141947002
-49874259
279102361
-288644779
1335402496
447978969
-1843886631
1337369654
-21980731
673049851
-1535915914
1386029470
-1724164855
-515713046
-521824359
63530342
-1557141804
-1589935659
1422088356
-1318049718
1700935975
1973450851
-209740666
-1123445336
1414043507
1875294492
-1330822320
-1525782137
1109986894
402467078
1306051848
-581276966
-1450143132
-1338547565
-1200835651
1489356294
-190766421
1660747194
-1181496613
2140867490
1155750362
1329772131
912007104
1017632637
1763386139
-62581497
-1501280370
-1711119388
-630815234
1741847959
630490691
1736346916
1927855537
-1259363
1366514438
-1418655411
900927342
1015597729
1556479426
1124587577
-994044876
-1447793203
2002952696
1986736076
-840078919
1540506067
757306065
1045063804
-970260834
2032379406
684162162
816623123
701918692
-1681329689
108820115
706050227
1303125406
-806273158
-2055691182
-1165422054
-1407249176
1097448568
2061270340
-1812092121
-763118313
-732519090
-951577651
-443955811
1602814513
-723628410
760081585
-328665563
1547601567
858841198
109263850
-1912847719
27123232
-623007498
1352047291
-2072272769
1366819841
940648414
-1865184507
1331845075
-637042549
-379242224
1544182744
2029538824
1249571259
-1818295990
-2143730867
-403276463
-472716488
1414299903
-2050178670
1868897308
933847425
317583743
2098897221
-206161698
1831343205
-59420587
1662789894
-1559769579
2127998136
2091433199
1000428102
-2086366582
-1723825853
-1566929788
-931128987
529205719
771569404
-1019987918
1373649660
976656680
531017846
2097121637
-1527451018
794731589
83493018
-1121212289
2038140389
35387087
990401687
-1249775179
477031186
-198902327
-482866922
-1613188041
751645142
685086042
-114991438
-472891501
-1756471385
-675320112
427131303
-1987517605
-725649291
-1563667736
77977800
-1916353276
-710971210
80462924
990695350
-2082295791
1775772863
-2099657124
-1864331186
909460592
1446965590
1571081264
1298882403
-2003032285
-2144484988
997528541
1188860077
-2003887838
-1958828626
2033709560
-1616886272
1026889855
859916262
334877016
-233345600
-1102581813
1713557886
88206110
657241235
1284954040
1274418654
1486813945
853171801
1893666559
-1076685161
-1916505178
-92259752
2142997635
1210201271
811857846
-1423432005
-1445253194
22586206
298261139
1691014973
-121695429
-1603211375
-1348883004
-225586399
674817485
1002680653
-38461841
437182053
1039887710
-963528225
-1291475169
476070454
-2129815421
-1898818702
468343239
1167894694
353550862
-621976087
1258112519
-1020231780
-144635140
1462932719
-868139091
-2006837493
-2012680559
106670923
42404221
1535176293
-1518373695
511305592
1538517045
2142758226
-791763246
-1181549196
447734219
117785501
-666490306
-1339301416
-1520292616
412535918
1373644253
-783502808
-427387655
1089949886
1261229379
141184620
1049548180
-966888186
886664806
-1017677825
-798018728
-2092261831
1242381700
170428838
1332073513
-1348978187
-1037952189
-2045633308
901815291
1942541812
-1679056615
201076875
-492989987
106937032
118669294
-653745002
836636985
1063321031
-2143183618
1407524662
-431666342
224083523
-365569788
-223498454
-1505829587
-1993113090
-158489196
-1952006317
1347583307
-1116871460
1602637000
1550462855
1226180150
-1171976230
-30863585
277653156
-641769246
-1685214402
147684257
-209882648
1217139575
-1929232368
2057741893
-1028356736
-1957922731
291978440
813883543
-1704496546
482140504
1786646856
-281290603
-1590205105
-415814820
-2034657780
-1211153958
601326412
1995146755
-2020265313
1375104254
298596111
-747146315
-1936492720
1117090107
1700348905
-660716056
-1071636955
-843002796
733852114
-2007590495
-1495488752
-1499292495
758769345
1100257337
-694287520
1752619470
-1085439682
-1351548828
-1546320774
1701326550
207603764
-1882637457
427983304
680352650
467584011
-1888156984
-59545104
-1042202776
-2112989962
-1594730045
1838166857
-2079460600
-931014007
-1724850278
1808686986
-695888952
483410061
20037046
1678378692
-1729518165
2075886871
-356403668
-956785263
-378785922
-1862136873
-152627575
1388669581
-320604868
-1600040275
1710592722
570121989
520058035
-1699292287
131484870
1533495022
966297702
-1599774893
-952988827
2044232728
-1780165451
-1108238704
-1475090763
-296367965
391996219
-89431384
-1032524861
1857979569
-386264969
-1653832484
-1620476697
-1658258595
805547949
-381612452
-1942588852
349713131
243927310
-1385642608
-702267729
-6015937
12129814
-82592587
1548786791
-2057155181
-1910824907
2101392812
-1501591900
92425316
411805105
-1979879666
1764492027
-1527717203
276375754
-1347015037
-2078441695
1319021399
793922846
1849891924
-1848719626
-2029092369
1608312654
-13155267
-952117563
172302745
1727783650
-1528934520
1838943690
-224444604
139666025
1486048342
-1380809484
1840419614
-2021212700
-521398721
-1059680789
-844004022
-356170907
735720477
798662227
152072656
203611634
698040101
1698179922
-1566132267
1061521070
-1872746698
446380368
561317899
1715512378
-1221334923
-1909414915
64857706
-1249854376
-1105230311
33710743
-1112370401
-242345007
991059587
-258126740
1313394372
-1669883751
-1410126703
-152034914
1124019666
-1306209744
-1615902158
-1106519002
781872979
1021416522
1466107965
-1482060518
1438616283
476725169
386871166
-1814410702
1475373496
-606380694
1476198162
2039082888
838762344
-731594730
-13419532
1992669598
237630795
767743899
-445372969
1833171877
-698655335
-2004411645
-1117428427
-1279625732
-2125389419
1533193379
1694516903
560271606
729358082
-902521729
846845815
116850656
2059544790
500133101
-407390349
323784769
-919052499
209698167
-748702717
-1160500893
-2013621632
-543670267
-1059225474
1393115154
440804886
-1075487685
-1030021192
-2017181021
-1573247559
1143809312
-2141334817
986628407
1707705005
-670661377
