3801
3801
-2138922617
-547662271
1298115550
-258161775
720555778
1593119557
-1237715625
-425538980
-379989771
-193825311
1269531387
-217330859
2125175591
-676058863
-1415009682
1565863372
1101223068
1119360685
1330774099
-1333271160
1875888610
973966647
117867708
1976932401
38023338
-1874887213
-2046319906
-753388306
-816246631
295048854
590411780
-1228873138
-279812768
1675705602
1978734022
1278043755
964513289
1896983761
-1613778054
153709900
-978788972
-1283539215
1721828073
567497099
188610
1007885520
961354821
-646821065
1956293935
494592985
2081273178
1732651259
-1051112026
538049853
678664196
-868812929
1784651696
1492758006
-1129804832
1942829838
-1028639122
-811031800
1803134790
641834872
-216787288
-1464271351
1996569462
620577337
-259612635
-152295964
159830032
617741018
191248444
76832729
-560012855
-1144765033
-1637054037
-1945078585
-1191487396
699839553
1363832230
1577445037
1123608509
-1377760923
-1141845453
-1815446930
1342492820
-855940690
-296668748
-600434221
-155601943
-1750593657
972386245
757223894
239693339
-1674769148
1886924616
745337117
-659215082
1412966402
-924584515
-1129870652
498349508
-1921561460
-2020560938
200663391
1933380803
612405632
-310613174
1530494526
-1616120231
-216274063
-2037032471
13170930
-776142428
-1212503601
-1489473040
1087746832
993989397
168239685
1502166942
-829748172
2143855135
-633786782
-2005091322
-1071754679
1745755690
344088442
1505377574
-1783172602
-1610273075
-1985016626
772985657
-1953846341
-1593883843
1346871274
192980809
-1291726771
-1399249665
810533710
2024091399
1769196158
1090814437
-42510512
1507215838
1699510385
1040949559
-764718784
-935879867
812587373
192854063
439544013
1432270420
-122432544
683512234
208123814
-1093276006
-509012057
1225227549
1826467684
-709172691
-1248698228
1550235845
-650507866
-1124921087
-80601841
-257176798
-179923331
-1656613507
444906857
876642213
1002507530
1597133387
-1469108531
-1931380057
-482590106
-931518097
-121420048
1372100765
262367937
-1030418277
1260446667
1791069322
-1085421363
1676220096
-496843873
-1354403404
2022928220
960933608
-206415559
693191834
-2001077945
-65416126
-95543177
1383495460
-1592108142
1736498046
-1010682102
-303819748
701445581
-588348069
-1643430531
-350607907
-1135786820
1967269501
-501758859
1507873865
-901915846
2124019843
-1851995591
-1271665153
-2012379814
517007449
-1686762380
-579809075
891238862
1339717066
1309880890
574350692
-541672052
-213616552
-2013326776
703406666
-1095557714
-1504715441
-744580721
1134709268
1230791577
-40979689
286856691
1443027155
-736762015
520558026
-399251121
1011930318
-906435476
1774178566
-2146965316
-1125550479
-1519307692
580176643
-65606637
-267134074
-1221569519
1971227879
-777236049
-1054131806
694753111
-1856406440
98269815
-1022016543
-1349996995
535730771
-400850405
1657583573
247980319
-708256965
-2018527332
1389577658
1547282116
-1702925259
1459657234
131942383
262830274
-1144096334
-1744740951
758971809
569772576
1901939532
-201704212
-306561847
2142192701
1974061270
936385093
-690041001
1884335601
-1082213203
-2006567484
2022633391
-588668687
668690260
2034170655
-465004460
-241241736
-2021115840
2118986745
-35939614
-1583616990
788381679
-113841561
-2045267391
2004536858
2013278014
643852207
-1240660969
-1829102729
329447420
-148096174
-1437678210
575043555
-158506311
1094428236
946796279
1333192061
-913166876
-430356839
-1058706531
-330068480
1262062100
-899875077
1141084061
-312640988
1761478565
-1409280262
1153016293
1938807620
703744391
-1618684116
-1626778341
280611648
160338258
-561699402
1699548112
-1764120924
-1513981796
-2089818350
-2043010059
-36608759
-933729394
1098196753
-1862793843
1046320059
-830621515
656231971
2081220771
-743516517
1260079637
1791485654
712803967
1889538887
-690463869
1494398876
1199843860
1216457335
1147257396
-168676143
1747112891
-1475058774
-1507485296
911249147
-1722588122
-137040127
-1789105844
-375856814
902431374
929243497
641079479
1021854851
493171247
-1864478976
-1416477869
-50935376
-157922571
1824679857
1930478246
1818665403
-1240708745
-110642656
-1581219502
977794244
774318628
251756749
1333783395
881077743
1030308795
-938107533
2088996840
332119914
1820284160
-1054202191
-424884284
-825384274
1892628908
1326164972
-1801226811
1630542084
1393064612
-740732046
-264031243
-1003065270
-1724830354
-835569949
-501382608
-478687242
744281824
229745100
-1042822666
-876129701
451036442
1251874452
1682262914
-575803861
1539347637
-24560229
-1249228773
-472189892
1446171964
-153279841
1419181481
150480270
-596311846
-2093652894
-1826732150
-2087017075
699677525
237582985
722794662
-1428534126
609193018
974484935
1443119808
112008879
-164788134
-2101092806
-1135952113
-591598933
4103796
-893414380
-1072894963
21583179
998964019
-436447618
-498125682
604558547
1822832730
225498296
-1514089453
-14720821
-984462531
2124574084
861940831
1382668806
-21076366
1361248452
-963223477
1271492320
-463093047
-1729644702
1106331606
1175093190
794657656
963241327
1350570368
-944322566
1663052186
-1192138098
-1018682153
-1982148969
-1160230182
-277203821
-477291951
2026038227
-1206681749
2140981350
-1023419300
104083076
1424079675
-1409551059
127288755
2045414885
2062845543
-1086843478
-1156722445
-361999463
580176112
-242580512
-1959711379
701569519
1182604719
1949442812
18992445
-1205257626
-938352506
704914291
811843739
-66606988
21982168
335701351
2071687792
-511167358
1515862330
-1156899505
1624381996
491289403
-14427798
-355754283
-124848426
-1150679802
827520895
274362882
1616947044
790125008
-1966351518
242947736
-703384500
-1653207794
1763319676
-1932518978
-1702584742
-1149237758
819170736
-999923230
-581761340
-374962116
-585672821
-850471718
868009083
-1513111453
-1848894022
346668108
1541143235
1567611189
-1972208964
718900304
-34831099
-912335669
-1702296361
-1396117421
-1998304284
2127881761
-1831208112
-209042882
1267947405
762930901
-1076227371
559206358
956445523
804947247
-1950149314
1682346597
-484804998
-1427253663
1116489844
345455770
-1156676014
1946941711
1636683953
122929837
-2135759481
-1309879280
-1883536919
-964181818
2051843255
948075894
-650718073
-1104387169
-360855483
-642970165
-2000752292
411744103
-1422805140
-2044599394
-1501493036
1731821801
-1745287018
1166351165
-583374486
498926829
-647676178
-717472061
532744541
-1034853922
1391086900
-2140310956
-1457621085
-422682708
-1495993905
1628348583
-743151586
-249701901
88227880
1444703172
933318413
1454123100
1828055861
1044964878
-1458651196
-1295242941
481437011
1559123844
595231391
1937691290
-1165153960
-1458400445
-1163487692
1151888652
-1980907288
1477157198
199987143
-709108379
-644260857
1998504082
-697561342
-1551458256
1725140464
1434387747
-1117832987
-1924244575
-1573387484
-626977077
1620274683
-1004852299
-1141553979
1882051526
-72765490
320343191
-526394077
-1422533690
1604151708
983893830
-1287999081
1776568124
322146377
-1555233677
2106238351
974065369
-1591259752
-1265931857
-1030169878
-437786798
-174478699
-1418992443
1772626822
1324914019
984411477
-1731131036
-15239146
-389939689
-309617182
-858479359
99911736
1275426629
614884975
511634683
-711018554
1714691165
-453819693
1396697855
1678515563
-1644680348
1370207028
711510957
-599304583
310947388
-810621438
-459738245
1121338362
-1883769815
1854410023
1340931545
1277625604
1622253456
208163452
-1644426602
488751697
1332038656
1801920382
1653734786
-120381681
-1830350730
1951575105
-941910957
-116628749
1944019420
159779236
547583692
1209250195
129505747
1641618117
-913464037
-397417739
-1714641486
-334351945
-1590630270
-1048522398
2042601933
763904882
180628026
1389244544
-1082628871
371189515
1510986899
1258570143
-1133559729
2143065124
-5135777
905378130
-552110288
1390597285
-993820527
209283650
-1667091574
1558142379
-1294178784
2095089982
-414844328
-1064156224
-479443408
1105567381
-269851537
20758093
-1109229452
1982724263
-1714413706
-1717359028
689992653
-117263431
-1983284427
2025610305
-927983817
907848457
152569619
1665278314
-1823425307
-736762078
-1035467815
1577513012
1424647081
1683168625
1688907196
-617156623
337263257
1900877079
1973199513
1407360968
-779011345
-1907686145
-2049578878
1520186604
-945292239
52182835
-388671368
-1697634287
-1323751791
-1737441941
894529914
-434854374
-788125803
-78290201
-877340738
-1674389482
-2105537286
1364330366
1934427197
-815253907
621324758
1744084981
-1539970955
1670208342
-601986564
2071336852
594905706
-1615656821
-64522333
-975524106
1281809645
-979545024
1027020617
-608635871
1589860384
-57659056
510811604
-1695569962
-812706248
1683998393
-376986373
-79420375
1428387972
1575635530
-1090625053
510138451
-539977553
-699903334
677069324
1434365381
424544833
-1252273092
644788846
-1826198911
1370992747
-164282832
1055012063
-1685166939
-379868157
-1689687652
-25483337
-1116562616
-2023053876
-924168005
-204479562
-1874556791
-2031355653
824164628
-1432988636
176308452
2037088758
1948024047
1753312569
-1064324153
-101771938
-1419804668
-1139465025
-1786060443
387834703
2052610933
-1708207883
97327561
-1453045018
1633737982
981078454
861444397
226681347
-833784469
-337074214
1351816587
228570447
1408832073
717610716
312676724
-1629682560
1464360672
-1335595843
-1278277599
1609105115
1466671200
2062543911
1285211847
439239674
803578201
-925281068
156272431
-1819988785
1884381296
954734128
-160915579
-1379786520
1061647951
342865981
-769926289
-1803715596
2120181469
-960223562
-510012831
-1003108475
-866627153
-1710945673
639487791
1085623575
53982653
-1879386853
1051860195
-676314032
1373912152
205939430
-1608856368
-803135095
-1364344997
-1647421723
-1034008089
-1422079860
697499296
-2040294061
871583048
1764796319
1562949814
1263042622
-1023342564
645463745
-1693639984
635230826
-963144031
1857935155
1611512831
1131050101
26480773
-1542885575
2077595555
1949108283
809814648
-1391256031
995867423
-428743045
1981259004
1602614404
-744318261
1767004858
182797439
-337994549
2128822830
760605031
-2062930262
-741326860
-398535828
779603007
1336822011
-1828162922
79956477
618483955
2023924881
1191603746
-1422019425
-1371472377
1347748678
17963627
-1441113459
602972668
-171531774
1971563367
-1022590991
1853534385
158651470
-385558730
-1979302506
-217476347
1777812775
1235282020
1344937953
624020673
620818708
-1890766741
-562659071
887233717
481176954
-769155461
512741989
-109905120
1155223855
71401084
-312374930
-2101011884
-1545285044
900244563
714384230
1714736538
1458236742
-1950251164
-732564305
-652051886
-121624257
891884119
1070970687
1143895902
-984920679
964504351
-1752363957
591986369
1318755532
-321439944
-1219262
-1784867454
1315924089
1773412399
-1796667396
-278426154
468079295
-440820633
-838655437
1295615869
844222668
645971993
1586044977
-1774710164
2040644277
931797660
-209831221
1877006251
722220170
-1174412314
199061645
1811278976
458792101
1848573522
-781885898
-1632554035
1483746114
-1511534429
1130670694
-494800458
-1494548652
579091528
422901909
1302164870
-545565546
-111135775
-1703045305
-556401197
546635487
-1167673855
-684302979
-1464255777
2143340218
-2043858891
1811311470
-433450176
1961917237
-1875669435
-1885224329
1891602115
-903754503
-964724295
-247207857
829229966
-404011365
-701657698
-820704898
-443145852
-177211856
1559986825
1032474383
670226412
1424727078
-428173604
1445550980
734990676
-2033028271
-120998073
-1260248311
1014649267
-1180899772
1420503953
1999737581
2020295373
621331938
264358808
-1115505587
-1444111653
2048841012
33423510
1416328721
-1268823702
-152781189
1359156901
-1279481316
393744003
714130825
-1445879164
1814938046
933027851
-560608436
-359923813
-1662130835
-1108819603
1865643691
-671733188
1205666741
-1314721419
-1130391916
-1130202581
-1327901844
1113625215
-1315237547
-19857056
833701161
1406546128
-1500121813
1579127563
-1810950155
483445571
-22315496
1870968535
-1936292541
-668712409
-1493687047
1693453426
155531293
181882983
1582894039
1250878285
-927857760
213086955
751131516
-1101264224
-220459862
-1042193858
1533503049
462298544
-162112815
597754481
-895179705
48746580
-1192819562
-843715266
1050729595
-1222508620
-1469027623
605026927
1186598781
-1713403052
-1955711088
1254713984
-1237321909
504838736
783750067
-2146789501
1166225498
819998953
-2083567494
-167948221
1065705454
-1655588289
791134154
16269740
190114730
-2081461664
1533548524
-575860118
-1380706710
505863297
1301921407
-223734577
-380332464
-1292594806
1224033968
-634735879
-1762789347
-1625705769
-546148697
-1287653069
-335125567
1772404028
-1722906556
-703798629
1152030260
422271050
-1597753078
-1805104123
1254827142
-281813552
-1016412837
-655314657
46292021
-1439607388
-10331419
1220286421
-387492674
-883103325
181800540
-1181692425
1296565878
-1193011723
-676102039
-298197737
-236094823
244521365
1057185249
1448368311
1789552803
-342398192
1850552122
622914212
1017500894
1936602508
-920376518
901202332
1960346684
919544331
144834800
-2001779146
-1462937242
2141450481
91213032
2049849859
-1318981868
-48126013
-968053351
1300505839
491127710
-2095032527
-670782686
661140717
1573751251
907722069
1136780853
-1079446573
630354697
-737195971
-1999814061
-787515519
-1029667211
-703578970
510852921
-662507447
1857477052
-286718710
890434969
-311674486
1959771849
1025174749
-1448383731
724521118
-1931920671
835963922
-1867992760
814405109
714431220
1202022115
45286542
-200541054
-2076509900
-1024686638
1138187621
-2033743019
1843709931
-1220343318
973023628
779015560
-1989823095
-783777462
-294248404
2145504351
-1007223300
247529443
1987880269
835555242
1302691140
-926793600
-1143443317
1039736942
-1767303354
-1465691642
-818124023
2111314372
-165000993
1088640253
2122053796
1175819264
1235695164
-1015018162
386736235
189240852
-1922381208
1736264782
2107656271
-501368522
1788722213
2078963450
-53774314
-1385962815
1470270464
1740876932
2050119573
509360216
-655700065
803229966
-1301062626
-830361007
-192586147
-688324428
-206186186
-822677425
378155800
-1813303600
-1002706805
402338864
-1585309879
-2147420808
1628855588
1945741098
-1321899180
-697837237
-397920806
1684360496
1093574688
-9861779
-460700922
1154894490
-671992342
-1985625137
1454830459
-1325178876
95900758
-2118306381
-51282762
645709941
-1098297401
-1311731601
-1457860012
-1581537853
-1117016081
-1640996240
-631627581
-781433034
1704954793
1070965889
1470480188
-1861347732
-910012923
-1208247475
1184156912
-144677253
-1150601052
1991757090
-1450119807
332390748
-1167182010
-1997205513
-2046633805
-897880186
-834676575
889385904
1435218275
1319990745
1600094324
2017135775
805853111
-502231619
-144038182
-531504562
507194006
2041912203
-439797533
671188603
-1043600294
460285739
2048290400
-1122494365
1846853316
1953241853
1032235261
903133251
-1725011408
-1085059844
255537301
-786321637
1427989513
1529902625
-1787174719
-2132619596
421808254
-422052859
1019354034
192630244
1381481333
-1528221495
918394432
1780393233
-203758400
-719983303
594104642
1353985779
32177038
1850157359
1740919840
1783468445
-95185629
-1127729611
-1541997403
917255101
541895371
1041793134
1237252121
173163042
1549699851
865991093
1519991182
-1352660610
1375152666
-1133473018
-739999366
-1035556755
-148929137
1729718300
-250852730
-1637524043
-965275813
-1935244964
695545764
-2076772657
730223608
18763761
-1134485657
1493770918
484003810
-1200863177
-2003636082
-1081103203
-1184552890
-1936572836
1740516321
1564599255
-423347463
-528455356
-112648384
2056303281
1192147371
347090861
-1313567240
535308947
-960150437
-1245961324
-1252158888
-1219000344
-1868155123
-1410215978
-477920124
-1360596374
1839046331
327171097
-87754104
-1168999006
-1249179256
-2119152916
-1209780817
139865519
-1449679301
1925338668
-1680568043
-265354171
-1115003158
803122601
-602421893
1941002744
1378818805
1396497418
696981082
563414970
985707574
-192948755
322026554
-560192350
429271926
-1501333678
93003843
1531010031
-531318750
-1665535175
1222163732
988225355
887181117
1056840072
44087507
1901148499
24550808
27891506
-1913156476
533103702
1524887873
-1022585706
2079083678
1288751452
793560632
425088548
253257435
2087521130
-788010392
-1428896954
-200480433
1121895172
-1749521195
-932513924
-1855674692
-25375245
480889873
1568489929
1591987236
-1929963704
1511790580
-745327027
-394085474
-352306272
1992555147
-1730759117
835403885
-1707692632
-1030890416
-1985932852
617377870
-1931665693
1324521371
-323639044
928697872
1504325803
1059024729
31174100
-292060822
133411188
35273978
964619648
-317540344
-839259560
-299497041
337232739
-1601535002
1415299279
1748731605
-811033984
-494351647
855945405
-676587092
-2104909541
943201163
1634853553
71134796
70357663
720403262
-1103371669
1064748504
659078082
561676659
-458835553
1874359283
-867066649
1930974292
-1965919496
4800370
1512885954
910776975
608323935
336370259
954469697
-1221151124
-1827600516
-1940921106
761302186
168025633
579689340
1632383082
2018442496
-450894492
-1335811308
31274097
-1850351701
-1133949886
-367856698
2059758631
1542001495
-255891665
2078368611
-1092448681
-305153509
498709597
1609290960
-1070279441
1008721374
32420432
-1852519156
13551534
897939190
-491189326
-314174351
-1310032357
2095102225
1812147299
679422009
1773964472
421644888
76452820
-2053455805
1835798904
-502904623
279804053
708865303
-1222995091
1985954308
767201579
188977703
1734191557
1506574561
-1459349977
-184467369
-1858626057
-817605152
1117540723
-664619841
381386040
-510837398
819154671
-1161658449
509365556
759236727
-1455259077
1045338099
-55683078
-1354273929
1502377430
23191127
-279133385
-2127554699
-243280025
569628013
-746264922
-659373702
2070836571
518361485
-288614970
1126022191
-478281297
2011112732
-1231302450
1189218245
-188633586
-1377759983
926650590
-822739943
-934742754
1189175733
-1002527882
-474615534
1212228886
-570110039
405784875
-1115911859
-183730285
75472173
298552215
-1801288964
-1794440532
892026783
481656465
1127232267
1056845635
-1834924736
-912007011
-997650813
867328158
-847997122
-1715450202
1895556659
53315893
-500279314
-239894806
-190269300
1565288653
1564729688
633157429
215432653
-625700923
1116710904
-1466371503
182948447
-1030569041
1580139971
1577248956
-1699175551
-385705695
-1304219289
-1632079717
-638172633
-495626547
2016667095
-1979062034
410714143
-281315889
418807302
801350661
-1374667914
-1061858490
-289109774
-6912717
-510067687
-186325211
802757091
-931117632
2136639422
1449366603
763123956
-1505848029
702533636
1666999760
18421714
869763184
-920445224
-1218687583
-1164939581
-1678439153
-2139380453
-422627250
1404806634
24662702
-343748735
1897531938
-984813880
-947560328
-687897156
1152309619
222540294
2006337926
1797502936
410647100
1060205937
422098069
-1706369560
-1663324440
-1898406331
1754245882
1496206818
1431016048
-293694547
1419698898
-2056352825
939528103
1474233738
-729548675
-1415645177
-70944300
826694515
-2089465012
-118259678
450206337
-1003122692
1982165368
1418081682
-314980206
944897083
-1721403563
-886771993
323935384
-1870145657
961502664
1962235700
-1968990617
1500409731
1744145398
-1203761239
-639678491
-345416614
556476478
513394561
2095569188
-1192086197
-1178301336
-743739874
777746867
1042975079
1391347998
-1253514383
2011403057
-225566567
1361865882
-1650996577
-1926508254
-2070296345
-780468064
670982881
1721848325
-1715784714
-1859914833
-1431532885
919295397
-14505773
-177348237
-418426608
542112943
1649905136
-896897411
497138020
-926093948
1190989676
-731763915
-1282173662
1591013968
-2109446762
-2092486130
-1930848240
-1797200805
1348370355
-1720257284
575146656
823359646
1696012031
-1880691166
1355529881
932495769
-1293980175
1214195664
-227857930
-1941734813
456081347
-2086613076
-1600926706
-1379438846
-1534680015
-2088351442
659964148
-252602884
96725888
-840076463
1471522592
1292611374
1881978561
-1256974969
701840206
1367505883
565825622
-669407252
-1240904026
-1871518713
-735475531
1775823550
343866140
-1991009018
-78341268
-1736507123
-260031975
-1602607793
-1568808860
-999488850
-1265614501
-1127011947
-988459671
1548499317
-235517416
-636246248
803933161
-1374913118
-1224006039
-332832969
1146595067
-66624101
1040206054
1577480266
-1683319389
-772129573
-266526067
-615700562
1182836052
1244919338
-2116420889
-551657184
-1112012619
2138279182
-1458723219
865994574
433065639
1321634433
30785319
2061928875
-1780562553
1165926627
1731675029
1818057602
354881200
-850357455
-1141915693
1709690958
1778247235
2065554295
-1395825417
-1734284984
-1839865047
-1492269949
-899239235
-1717180352
1580479321
-307107109
-898590874
-1298613328
-557672362
-448964368
1266428380
2144638989
904275963
-1634422126
-153918951
1564627552
-1904552582
-1687084122
-708938806
-880848875
416286369
-801700329
-2014204113
1591943187
1308801375
1555854090
1249774660
1310527756
-1416233593
-1572129963
1469891621
1206147349
-948779309
-1309883600
-1437557586
-1681218952
-2021369046
600202541
324913761
-756411959
1874256165
-633978779
1774423180
-1088087753
561107663
281191923
1978722219
-1941983965
419453100
587078054
-1499454966
310291958
2079707388
1770793457
786097838
938711855
-138606784
1319936806
-2006764939
-1855462470
-1788551171
-1352480285
-1965330564
1060923272
1604680895
-709801780
147481280
-1698234789
1581587552
-625293958
-969027577
654383073
-558613622
1210208434
1536751616
687327492
690796921
235283929
1347048617
-1298212224
-2078800635
-1180537433
787888112
-89281355
-247687713
-1622083557
760885405
-549059394
292763162
-327802450
134699374
76682945
-2002198547
1379555275
324007555
1435001224
-1929759817
-470617987
296158460
-925290672
-1123956158
-2095822486
-763977504
1207095265
725804875
-1582145025
-849582784
-549003298
-1020374975
-1825282836
453585563
-154390178
-807974067
338875603
955500420
224274874
-917828974
499077179
-1243302014
978561192
1943865269
-1462755126
626707511
-877343608
1625232287
1534658995
-718844733
-2045237250
-1704714623
-2042754708
-1381882006
-89834304
-1877410792
-1553726812
935139699
-784117840
-1708218318
804159604
-146345645
-707204564
-1123692688
624495060
2032029451
-1326343003
-318529460
906868816
-1490712883
-345713042
1374955613
-771619334
213879269
-1158551850
-455163431
-1593964894
-1061684778
-126715016
-294300324
-429817788
318163395
-125423664
529495015
-92432703
-142470639
313459218
883854634
-1320091950
1800862281
-905985738
-778516987
836758585
-724771518
1929037911
-957598900
23080760
650382206
491821885
-1989903158
470103367
1981009876
-1961674696
-710333304
431939840
-1044276657
1122775855
1545285199
-84316835
314930518
-852431369
-1300479126
798740518
1572743436
-40795671
-2051838289
1281707940
-365317895
-1311494482
949853376
933379994
-2040731671
-1562877348
1711934606
423303541
-1258320364
356101830
2146843678
983589826
-301986433
1134313487
1830116751
608771295
920952993
-80631680
1005295707
2141232373
-216678584
-593619557
-125461795
-1600380123
425194941
626213488
1532575762
-1728085503
-1377203674
-2131248338
1566854563
-1948541123
-938830805
-1396292100
-76902878
-917980507
-1124308260
1228571913
1485097876
1678356561
-1544581934
-31644191
-2092536273
1139059224
69559955
-1823264254
-388512924
-1286540222
-2097308869
720983215
-893439713
-2065634944
419214167
-930272765
653515084
-674616800
492066324
-2106332344
-2106035811
1516081788
626225304
1884228745
90526602
-2140953421
-1163464785
-964386971
-1338701671
1097423259
-1631981654
-815100123
93771487
-1823175434
755926659
568396305
-163638843
1733720291
1347849285
-1256608770
-714788081
-1782188906
-391772758
923680299
-1994653670
-137205173
-628157179
1610817614
2041593700
932952183
-778988190
1050586857
721338961
1598714432
-96025621
-1763689759
578471724
1502032687
743676812
802580048
1084880747
-798557660
-1615673638
698219161
90932790
-1093812343
-158249936
1546619837
397685546
-1431848246
453466139
286489836
-1547618983
-1620243708
-794244617
-1149683105
-1033874795
1466611452
1803511513
1286061156
-1324636434
2055682130
-1967466833
1670031290
-2122588040
-773323275
192991142
1853923102
1748759377
-599731751
1510609867
1271175717
-1862956575
1441557991
1793008884
-2146085556
2094904675
1165659189
-1244540191
-1982124211
1344119460
-1604530569
-1501624419
-1975646285
-24422645
118544564
-587827670
-1432227152
717404633
-1010017476
-220459172
-1793403346
1961848240
-1383381032
271671557
-1496038365
1553743449
-760240573
-1657584814
1701586473
853878465
-1922712615
-1634043788
957615693
-1531628732
-2013889906
2102665858
-1774829274
1602864173
459107105
-55495779
127454505
1120466045
-1508473200
811220052
-288734404
2085693675
-9719090
1078410314
692642952
616827692
-70199629
2060540182
-24225390
1064269172
1012447539
-2047959190
188171917
-19197381
-583262254
-1090112906
421482729
1915335748
1494212695
-154301042
-1598068177
619293402
1725815231
-1970947063
-962235376
585078364
874514548
1610197868
364483002
1611366652
266086846
-603128888
-1653163411
-488620093
219259513
-1900219808
-276733618
-1482596393
-409821944
-378834290
1130382971
-128179200
1518113417
-278519578
-1496791714
-1724623256
1511240522
-619047781
103887942
1694888610
923263610
1049017121
1232152883
-957813779
2120300835
696832532
341882865
1647612856
-1967307689
1992334168
-1595605657
2020893801
-1067093335
107261824
-538342352
2073572441
-1722129185
-2021322125
-1364488598
1187386659
804722149
-2108133812
-1632325426
-1043045602
1233784323
-882403198
238103297
248957223
-579725998
-301349560
757954857
-1500431197
1278155115
-1494872778
-268592446
340800963
1940863586
1263872297
-791090511
-204101622
1177236210
852002918
-271391592
-788627700
-1369141255
-2113264379
2047503212
-121855113
1112238886
1467660940
-59873979
-633484201
1664654576
1906983642
756007029
1977065621
-62613047
1224793414
-454674981
2044062912
-1827508589
-403930105
745430136
198177039
149524563
-446024747
-455286206
334891942
1617982243
-100177456
1460403768
-283557096
2063932525
300096417
-1241157706
943879469
-691002283
1023643102
-295919862
1808215524
1736563319
-725046094
1118942022
1210477242
644907474
-543634755
-1578127017
1423429164
-1765156861
-1788876231
308607062
-254015621
1459182517
-1235749795
1324789534
-763006290
-997718441
-1676508411
-291178722
1406940381
2060545296
-517791598
1537144943
594630827
171277551
-1470946801
193141544
-1666666732
472729191
-818511980
-145161743
-860260248
1948027898
864767727
882383318
-282977898
-199161805
222545024
-765013155
1699439021
1270587096
-1028333981
476829913
232530848
-79762080
2002918868
273405440
-1593431991
1437724322
2055271119
-243030853
-735986512
-1970494001
517258743
1375204157
-2139266932
480248994
70159544
-913262761
-1550100215
-1831239467
1911157679
-1245183223
-1838208053
1705381078
-1284330680
1215893083
835274290
-406886470
-93007192
-1800041875
71259359
376043634
-938214194
640979405
-1245442185
987277371
1436773364
-1789933048
-687244122
667906139
-1742987462
-608662909
1391784550
-1426813175
-567044474
1717050507
-283355519
-1144285268
1774219429
-865376087
-1044880556
-1168846264
-532133962
337356090
-605031211
268344885
-966496313
-1227171265
-1558404650
373148689
341932992
1961119346
652813706
-771939593
441953407
346960281
-1590796984
-647789328
-1925665212
-1709500387
-1350836593
1299408553
-2026813361
1460607965
2038786377
-637694362
981721799
-1930054081
461290067
126635574
-387250466
-1711102072
1409516093
596356456
-1595851471
-557219987
-1430158258
-1639566019
807267956
2121046762
1408704970
-208317218
1835870798
-1101157551
-851913354
765431952
1577220225
1471617701
638870363
1877864485
432347213
1423368488
-1286553398
264593589
-1592372714
-1084710862
1777727648
-733479538
-344408252
638981699
-1338470453
-2001898392
1267313770
-307085221
974663180
69269724
942406057
296008841
-1371959554
-792298729
-1630134954
-318750270
-1048576170
1162876362
-34919206
1518878964
627763819
-39327900
-1306456102
-665386151
-1031783431
1723976323
-1921760873
-845751792
-44787167
2062262695
189514902
-572116248
776911795
-1104532952
980823171
-1222138241
-2108465488
547064426
-590159279
-1459858549
1901830921
918032206
-1006041434
-633857161
533712301
2010959083
1021286006
763663409
-459491390
571676285
1843443181
73450306
-526750159
1774387613
338445714
-1946618338
-398539416
-1674680142
-1862523479
724782013
-822155942
1735729319
-174142504
-368917655
-2005986870
431642077
-1059909876
953935065
778056393
370033763
-1984279139
-1455204993
825155965
675200868
-2143006289
-819990754
812645667
-1411105824
-1152739365
1526672286
-496825258
2116571807
-406397937
1360263715
944959121
2015227233
1558909106
749031771
-1986944527
944935770
-1935727605
1965232919
-163307201
-2134669092
-1857341469
1315771677
-1560306130
-1982286250
1864052584
2051105595
-1500931104
-1095595396
-632113325
42208927
136359342
842484679
-1273549747
-597418394
-2033459672
1109364000
1434911630
-1736018574
-578092454
-989283881
1951177159
228114816
623017297
1972366553
1448381506
-1774467208
-421447715
770082594
-97648570
1247125767
-2073571177
-931841680
1092451519
-1278099606
593774629
-499550920
1565604382
417187725
832941500
1171552477
1143999614
521116500
2048888806
-503157985
-2002105336
1691493431
1319974277
-22857263
1309040535
-1371819244
1759568663
-1691697
1595461022
1900677440
1177268282
-1161529811
1785853769
1219321566
493793650
-402262861
-536223262
218954356
1439595050
382682505
-2104184202
-800772678
481180408
74362926
-466567241
-1916286027
1531445285
269049774
1439260196
1145400325
-1616128917
-1389803500
1217907302
408358778
1497877504
54488860
1675482621
-1421542932
448216019
154504237
613169691
-1518283445
-105406187
1315255173
1799402704
-1892257292
-150602502
-1527119691
-182037402
62371910
-355489600
405238864
268735758
2076024693
1670243824
166885599
2138059963
-809419363
1423159011
1004126999
987423053
-62044902
1175030663
-1834516147
-2006113038
-10910954
-829723038
-76935639
-1050135351
214381410
-1051140649
1295555226
1753449927
573455753
650636712
-465304823
-208385058
-862408926
2058341564
-33340464
-301250725
-288684186
294120225
1196310765
-1145600881
-1987237887
-1018889133
993055986
-117247567
173080364
1200445886
-1083483328
432533250
-456048901
275941761
691349876
-1204994766
991147507
-277484172
-2060932064
-471339518
-371188513
-1199907220
-1752687939
1981365034
1601531363
933803965
-1182468384
-520591492
1817516241
-1100769537
472107692
1926696520
-1818449733
-525675499
1694030471
-2079292158
-421810488
-1818725014
1402060304
1566257954
-371390901
397223038
-1557457840
-906165173
1656210961
440952480
-1701787857
-1647159121
-85101830
1768234492
1459261992
-64415823
-1532999734
-542206248
1839054912
-932722485
1548068417
-981293798
-842509004
1720899249
-119143064
2042205709
434705905
1044406454
-1136856787
-2091582876
-332716984
1621966447
2116087602
801279102
-1836899871
950802837
-54240031
410040043
-646508944
1666302511
-1159882045
-1706655954
197743911
953164016
651565330
-1167533884
-1564295829
1210280925
-1610278516
-1311529883
1985884873
474710322
2046048905
1961680777
-111896533
956664966
-688316593
-644036563
305535558
-443000275
743492005
1440610518
60929366
1216871645
1604221093
-832257834
428007949
-1658082925
-1451679530
825048269
860397000
644541879
265277817
112456562
-225951229
-1902795906
1050581795
647297683
900849423
-442742641
2062732171
-41293735
1856179714
-1960535319
752259749
-2088823600
1614835181
1397792771
631858415
352120743
1544372308
-909346252
183217930
-743805389
1815861466
-249974700
-1361465717
981063097
388551740
1918159780
966427667
-211720724
-237090176
1042051050
-997862756
982886324
-681873299
-535866912
-296517610
-1101831119
-718250947
-1647792178
1345219377
-1096579074
717545873
781791349
31206012
-2040301895
-1029916508
-726381521
1136208047
1115722435
1935303875
-1318542253
1097445956
-704774844
-328888836
-964956962
-719992757
-314060175
1060160021
-1926673329
2047790206
566715921
1969606847
-640985647
-1004840301
467682364
83834635
-936836705
-677977391
-172623259
1489522205
703547299
2069354982
-1734939493
623194398
-849919903
2032701943
-639059189
698257015
2006118418
2043416823
-281609271
247257147
-1952899052
1330214971
-1546826545
-1199470620
-1668617600
2026754382
156369477
260335937
292805660
1880970241
677836034
-2002378577
550490228
780827079
1118451026
-1532469113
-1018172350
268071487
1288218105
17793494
1896503830
1659096336
1911604088
431518803
282504498
900558076
1108614030
1909012877
559091382
1235294255
-162907903
-497983645
-601057028
319175128
1385170845
1481846201
-1727560379
-1171347205
-1236601731
1648720744
-1677062252
-1551333244
94850696
-911647114
2128032986
-362441570
559786814
-951178361
-1611354286
-732335803
-1998367820
-1953400686
1047123246
-954872295
-1329201699
781194966
-1004847757
29651829
1009997322
840448015
188829472
-498299712
431037619
-1887685915
1352015510
133284866
-132981641
-1989633371
-692503245
881918650
1577483361
-858284494
-1240572097
2108156910
610349676
-1352211907
-918160373
-1684970622
770349640
-604747085
1477266519
-248334643
-17042338
-2085001353
-246068492
368720489
-1742352110
694450257
-1686725718
684290378
-2123453369
-2144781275
74611803
963776785
-605995737
1102249831
-34659225
2030991266
759791139
-1635476018
1099970130
1156802035
1248571705
1273654087
288499620
1031935015
-1494162316
-1402128340
-1113996528
2130637530
-1946633543
318039221
-745068328
1610788286
1861778623
1354512302
-1515327121
1147159398
1183561311
840887402
88757855
-1514912159
979035149
291908599
1285916013
1233034123
444658853
2017912210
-939949574
686377375
1646306155
-603407779
734476459
359935503
610725453
-1132236722
217557324
15117079
-1555551126
-292806549
1489718001
-1419402481
-1206286121
776639539
337186398
-1717742336
-268376673
-2138929569
1435542184
-1412174214
-716084468
-1570522422
-2083921893
-1498224988
1670072100
959390124
-2010808994
-186485100
-367435402
2100197902
1898017493
-294403359
-2108684522
1365190521
470134854
-305427851
-740568347
-1576521999
83101886
1653108391
-805284331
998149921
-2018477899
922560648
-1275443989
1054500823
1227172464
495468412
1842424775
-812473166
1945623718
1838683405
421589089
1646010136
264015718
-440182277
-484203692
1141140334
1286314807
239812759
851994080
147834243
-746613120
-958529456
1798072299
-1352347572
1417784618
1220902542
1083654729
-1186456362
-401518973
756494526
577515836
1788128375
-1335995035
-1036547155
865465150
-826416569
1306201751
-1370188775
923488253
1845139406
-2141339278
-627022715
-2090431578
1358973182
71278279
1447935052
-815117722
-1347384477
-952026624
98429945
-1913477075
-1832237928
-1025838971
-596593963
-1300657996
-1680649220
-1826495648
784064960
1950442433
-662264922
-1731172573
-1554393276
-576056919
-77736811
-1802826232
-411359001
1265064982
-124978644
258584666
-1023865408
478762762
20584668
324933396
1619746380
-1530739165
1025596450
327691463
-1480704639
1717178912
-1066256460
-81667904
-1150238940
-453668189
-809441290
397076585
40312663
1044131896
27985331
-1969247505
1427136373
-1655725419
-1668996855
-1769266395
-582460382
-1833578717
1230149539
217052071
266121373
530254781
-341304787
1553033538
-1389626537
-1582347850
-483617532
-463976557
2073843657
-797151967
-428642259
-995804179
488579458
909399115
-215590263
429726336
-171617153
1356419980
-601615291
1662601654
633937598
764160319
-560141161
-1800863776
-2103019755
1928769038
1653401254
1874212626
-1171927745
-1854225038
-595674679
497777482
752428855
339825273
1568809204
-1641679145
-188923960
-1111673654
502476142
1209098488
766868069
1626509798
-1890086713
-96357694
968015925
-149754192
-864939511
1928906311
-20800910
-1157440210
-1812225491
-872135692
860167667
-1838792047
225756112
486703674
-1185055738
2048686450
259602982
2099460977
-409318269
1256576094
1462448943
-475841032
-686824163
-25148268
1743413543
-124749152
1743802875
-1373558516
-1528907966
-1470753462
2052178822
487492027
-1708802664
40262606
-1030912636
-1787149547
-2064863138
-2142058722
-458304667
-1092229677
-1750016426
-1795134805
-234218019
2088652534
-1920796024
1168733702
-1534421582
-1421198325
599872818
1715645642
2110590934
603414447
-2138558468
-622462790
1375508152
-691684779
1414963567
1448180261
1624653014
1506360134
1247394728
1956428434
1736377494
1052110313
-1279858104
-1355029096
-1792020138
-303351996
306822062
-2038223860
-529951295
1287055298
2111342952
-883247774
1403106148
-720296650
-955862042
1140179788
-864895104
-107056865
-1669175952
-295310425
-1333894879
970280749
-329838503
-32666473
-189711249
1811501060
-735241100
-612180240
-1079533757
-982154177
-221087801
195513047
64479997
-1707304010
183434878
-120790360
-752838764
-1183501052
226684450
1375610906
1621478382
-1927470781
-1308829686
-1625653343
-1194719375
-1950965735
1285015313
-155453933
247777497
985585656
562662536
-1962853234
354524747
-1763897696
-1080792978
1050738328
2005936810
-1750178328
638484702
1113192070
438217770
420094142
-2069570360
505766946
-243410910
1725346924
356963811
-1480078968
-494526427
726149660
-167627294
-1951002032
975418450
-2048617314
-2140704027
-469530383
-1420830997
-1808556441
-1718567118
896482916
-602712796
-271944740
6152228
1122879495
-34129603
1488293329
304218211
-696879164
-1492776494
1935024203
-1474301611
-1599507854
-1613682063
-1243532915
352620499
173426810
-166514323
671784274
1616265247
-1992231747
-1010743567
-1085896618
1372304662
654140853
2095767895
-5240805
-823429471
999814362
-1930923334
894173929
1299766129
1480814662
-1169237047
1867222037
1951033834
1454086811
1780922334
1197555846
1836110943
-233487068
-79440306
242313076
1465189504
375613498
864711938
-568534157
-773395952
-1330979352
263524422
941817776
-262274854
-1418419502
1007082464
-1181268615
715637221
1751695698
1854159204
749405698
45052902
1746553571
-1156857914
680834149
1684934389
2035221442
-1941985231
-265704470
-1150802044
832808146
181974038
1565531784
-399829876
873977791
-1795628921
633530283
-1145453304
-451194522
967146180
1828276024
686618790
1097313908
-1896519146
1939917005
-1412313156
596178508
1425654491
-684205235
1749870200
95479854
691271394
-1875125093
-1829277861
1217361557
-1479657736
189111716
-326172440
-290646817
503306690
-174349661
2024278680
610908979
-581903411
-1066294368
1591616784
-1852980066
520932579
1535185209
-1044598379
1887964031
-1687765344
538878372
-1420985153
-2092505051
-1244329916
-2052249101
1407342700
-598739530
-1320881207
-1349630054
-2021007113
-560676526
1613998136
-1481269714
-923868758
-37697673
1740301623
-1609847441
-1201337232
2107597734
1987404775
-1676049528
-488834865
1744737862
-637013780
-1404645484
1235525140
123585737
358192076
1887967332
7912655
-1476012019
2136364925
-235725953
784264065
320494852
1539147832
1435211881
-1979237740
-301364330
909474451
1190857768
779068298
-826583099
-924045362
-737533693
745715577
-1203900142
883780460
1641731724
-1907474250
-961522657
1842089477
1196336609
1086704592
-367930731
952486234
-856414674
-1362080832
-1465404089
-261783127
-24382091
-318812834
1494768791
916058179
82635153
-1419678187
476939032
377183067
353095031
1653148122
-14317964
-1974175969
1382756031
494621785
412474000
-1456487412
75235170
500912497
-1352725779
1705770622
-406843451
1424449762
1792339537
149910406
822846710
840388933
1648619686
-910471425
-1957449932
-1298911685
-2044291295
-1239599389
860513460
2057453033
-353590618
-548485158
-1612430174
1453908387
187135082
1748485908
1878771301
67849703
772118745
-385802921
-1410713305
-37728884
-381576006
175370075
-1571776620
482772026
-1052340079
1539401557
-1716300831
-1133124580
1770970692
436536273
1496866831
1166428884
812143873
-476282940
-905513360
1135507887
-292384930
1871554529
213706346
-1472340711
47912897
1004777771
-1150981766
2068240211
-1238569215
1920132299
1553581179
-736722334
62871885
-888490717
2016688424
-1944969910
1969886540
302747682
1031932895
1004640380
1004757382
-472448295
912892327
-447613556
940471298
-1511652786
1455815284
1540451878
-2084091857
1723493776
-1819735127
1695716930
-2013075705
60693771
-1773486371
2055400854
-1846964879
1064506141
-1610442527
-1911253940
-2096999194
-1375886872
218516738
-1331554571
-270646697
-464872855
2101854346
-1590786628
791338830
-27207479
2054242957
1102269150
1324532051
-1920024077
-1440285727
-2091879335
290759568
-1902541210
-1985946771
1472947427
1264580279
1427979851
960529062
-1802297315
-1034941661
-154520886
-1493502377
-482302456
-884131523
-820189032
363206560
-192073
40741921
670285780
-2118768320
-1231130810
-853167488
-163693293
704111894
-1763214070
-1796097593
1227837369
-1063787036
-161100791
-1493018752
1998399882
-1232049834
-30608468
-11205383
47086464
765636163
-1687892813
1865052450
2141072350
1670476593
-829692056
578129083
-1881417340
-1599710946
363770135
-2081639250
945864837
-1545326979
1290206397
-2045206855
-1011493898
1021601406
360637182
-279778225
-140435191
-830586734
-1974653604
425756608
1857933145
708469806
512802982
-1317916777
237195910
-344066866
250854061
488100930
844472580
-830184900
-776587459
-765875208
-939424720
-1829799663
-1366560693
-420208425
-509258332
-1339459716
-944296598
2061630796
-596132405
1666001473
-945899901
791837366
31672247
-1761323515
1875099077
970921549
285662769
-2045972280
-86510374
-1540403136
-635927023
890892209
-1560067750
158775581
1166600656
1892461841
1517012100
-1847856778
-946107813
-1664079199
-2046154197
-1633845312
2014357801
-1846561778
754938605
-2060214146
968572815
244753847
-532632149
184317086
-1867606190
-541107275
-1564453836
-166579678
-866887554
875793691
1216626499
-1077855486
-294313867
1365284734
1183999403
739130960
1984624202
-1272545609
1703795408
-1910847587
-1068093361
556836071
-2004828071
-986128229
-1507680532
601063099
132587299
1482991875
766775474
1482344432
2044320632
2145716408
1949205423
-1016595431
309868672
-985472980
868194307
-1950804064
-1230921993
718822146
-954984525
447472906
-34039008
1815103733
-436361284
-497919362
-2092743176
-376987401
1687811691
-2110731385
1120701871
-1589538147
1905130219
