4365
4365
1980166936
1487737171
1279314361
1845303839
-527361584
471434190
1008650312
-603110222
-549528449
1950337554
375683726
-1270455701
1739675369
-434419566
1953851775
-131293499
1152038601
-2076437517
-284086431
-1504023874
-365593832
-788268797
879039150
1935165423
-1737890930
882348009
-1562252482
1472049372
1973179497
-1057960290
262714789
822588045
-1004031380
862178971
262306010
1145506653
968031018
-88229420
1686004248
1636885265
1711381892
1060180708
1293630216
37384235
1783780975
-1396585335
160407071
-476504448
1749587450
-183049135
676760901
159779592
-1265061745
2042524821
1381781175
-2005079819
779051128
1598845350
-1862159315
337355782
353459109
-343177658
568995902
-985050084
1236795819
-1199914150
717970947
1621120525
1484547600
441063132
968548091
857775543
-1468908859
1932705302
-824069330
1307350360
1428709107
-467130612
-246780012
52698653
-86174214
1479603513
1811019446
1528202744
-149935435
-922804866
144218005
859670198
-1728216317
2035895639
1565243083
-1795120560
-1926305917
-598273713
1451124208
-496930688
-1929641058
-896241995
67734846
-542723689
1656480201
1201202320
-1445819528
-1675281779
-2049218549
1828259791
660697094
1453526617
-1824483139
-2055655740
1386099556
-725469053
1587190672
468377555
1669239229
900087030
884658900
-689571994
1860463571
400568602
-1777106697
-1223050973
-1199123935
1457181218
1732035147
1895907425
1153310274
-1648284510
-1943478517
-1752562729
497925779
1517267299
-1782761057
-1963827050
-1446209513
329814906
-1726653153
957440057
-696835429
-138253418
940175381
-1046991270
-1237015782
1704434842
468553606
-990842553
713762914
-840669845
-1307716045
1046870517
-938201610
1085869066
1839666204
897023796
180226358
1181986276
-2132968891
-1376430044
686064829
-686407320
1043775163
500525543
539840010
-1023238950
-1036288807
1511439511
2147162465
644847207
1100469703
-1668519046
-1131110413
1518834040
1200035139
-1435835276
-1757750212
-1521349302
986603171
-1574622532
624699564
-510719810
-783899110
-439414574
-523754359
-1027322003
1664514618
-2129355344
-1138588909
-718666753
-994025031
1311117631
-1726928664
371522493
-458043017
-1359266804
-1656472662
97697635
-1454178625
-1756881349
1463617502
1981039930
-1651764788
-1163394629
1612898582
-1933461402
-8356721
1227064250
1547919442
1854071164
-1391232593
-1115078309
-806509404
-1418918825
-1881344047
-732423258
-147949038
-1220524245
1482323225
-92977472
-1762817345
-1305741606
609455855
-2647973
-481690036
1570913414
-1366210043
-285947537
202845051
-264693657
-1166846311
-581656790
-1690288107
1293923805
-186723081
-679923932
-1947991282
-57905976
-1581883839
-1584745770
979899622
-1007090665
1237538162
-1977049524
131420753
1548224927
-1527462752
-1800868327
-1413137127
172446509
542657153
-1758863220
-1035825341
-1464795938
1383455791
-831943136
-1803723664
1930262701
738156335
-795208392
2119525766
-605125812
-1303289937
-1734324981
-1648131441
1210323512
357721871
-1214893092
-967489824
1493798663
1058191010
575245423
-2139339907
-1021643772
-647599436
-821928265
1285852092
-1729716739
-1060091441
-1536929837
2065457191
-1637226662
78890042
2147026235
-703519834
590602353
-1087838270
958465846
-1467744547
462076185
322259900
252434063
-1906649645
-1618628739
-1697040055
1831807367
81294291
-1814652879
529568731
482378765
571543959
1478185866
64701944
36937516
-878798430
-884947927
-1285999042
1324569540
2066370284
2097552089
1833044134
1890712700
1083685316
1162382235
-88002548
201949942
-2013856014
-743653379
1413682158
1995607109
-484244197
-843277646
-699904397
-1541572453
106040425
1139089503
-1407170897
1773087302
-2111464342
1076468146
1161603877
-544290851
-416224200
-518110535
-2065461107
177270198
-1531238182
1510873969
1813919958
-1382022502
-2131411478
-1554731620
253675117
1606984636
1110508663
221109206
171401151
-1727243290
1898052652
13307370
1931577085
1733040628
-770837839
1486769761
-1979930082
-1145103738
-1068090031
-20894372
-1906888919
-2021508880
1395157212
677805219
-133857100
639032181
-1783659570
480459005
-1916871001
1315434165
118318768
483144897
347076421
291415139
-1997168962
-1301588052
-2001761171
1735911738
1161420489
1671989237
1690413340
-1067006415
1832000094
-131100513
-1285936331
-1344331540
-135745752
-10643187
-1651006076
-1536716938
1066746002
-233438757
2092686848
-137874643
175581616
-263734550
163015760
932695805
-1060460193
-383162692
-269337456
1321700560
1336028330
-1228677373
-1965884844
35726917
555703151
-288887180
-47994900
-1330486113
740150081
-1926933537
-1366170135
1767648255
303791248
631661188
-496128288
-2023062058
-1605794297
-1976249442
-474903699
1014914708
-2106486219
815897924
-913603974
-1117197659
570626927
-1777147279
1028540865
1831069341
1130713587
886591585
-752452978
202450609
366590032
-1130922722
1516752585
90122601
-653524475
1372003161
889367091
-937975405
-1658572696
-242673795
-135105553
943205242
-1056413239
1331753473
-998669244
-1383816873
-591714601
-867898627
1812441761
1556464392
-1918610879
-2023894272
1123323873
337519871
-698728800
431133984
-922257201
-1085629828
1298765459
-1137062319
106573035
-2076012802
1827253035
1688012282
-1346566802
1996489462
-644037494
-1516348475
597584011
-612491330
842160326
-1110786378
-405261065
-629631287
-801420014
1999634814
367649195
258293786
717137183
510615569
-1370597912
-1077629959
811549887
-1946531210
-116867717
612211684
-890656821
-1194293027
1232330050
1891800772
-903171001
-1376514826
-770462738
507513952
241109699
1815610496
-622775543
524598294
-174294781
643170591
226819130
-2072161593
-1316130078
1519208818
-1753968952
-1342737389
1307620723
-524441756
1311490396
-1716542778
1120761960
1328564162
-2046630902
-433013615
-2123443785
1884716814
-458291566
-2063401732
-146854022
1072662418
-1517691166
1444133787
-1614345194
-1283224393
-879553570
-2111940225
-308264801
-1305241706
-470486940
95556079
-1285449349
667103439
-806174070
-1611161000
-811822780
934923162
-1631098071
1360330113
-599697933
-1127789029
-1554062945
-1220772350
-1873052614
-2022159623
2134749135
2019052534
-1789131472
452706352
-275404180
135916015
1565235763
-259690714
1672964471
977345834
1200235273
-554360324
688145669
1584178435
-1267787192
102527527
-1333994939
16414122
-814726152
1082254398
-918266687
-1297847785
-106255754
1830382868
-768526364
1910612283
637797786
-111692791
-821574468
-52168073
-757534692
-1534679395
-192669697
-1534302895
-309424333
77017413
-584831917
1462237285
145002622
2081763714
-269226807
-529333351
1062117927
-39848658
380691370
-1702981228
-1469396667
-1399137512
968069494
-2081944465
-1206109566
2045700307
-496455639
1520040365
-1448568579
-1343264309
822404800
-1572339352
1823457137
-1224676456
331460859
-2109229875
1739880342
-2034029674
2107277155
-91568182
544129991
1517537717
-1804774514
-627658235
-691626268
-1807166324
1389517984
580971279
-740272519
-807435596
-1926080491
1974875609
2039603999
416066899
1406909118
658943846
-2111118558
86106102
961734153
1305973954
-1024517276
496177572
-2061898363
1798763570
-1354915200
-485074129
66105508
1738325420
-1117971919
-711442739
794184897
1139271305
981965557
-436972314
1260464996
1860015224
-2007550483
-1878298065
-644665147
-1388608586
-1000460025
-1513252106
681823886
332274811
2042913118
1520392127
-2037252379
1892543415
-696956960
-186171632
-328438871
1708094205
2013320240
1527367817
861816314
1221297087
-368381490
1994833207
-1988914689
141924796
1866744693
-1202923224
745532130
-646387531
1487450308
957182530
293536543
1720455526
-1687770592
-1516029872
792093950
-673795660
1050429144
-520330659
-2133575843
-165460958
-1119510135
-1037443771
1981745843
1460339337
1485444803
2092584840
-2029587887
938524680
961300972
-1985935775
-1117229591
24833592
-272952220
-604626921
-1370101932
1535918500
-1965047063
64915346
122996879
-172119688
-83344067
-1614834384
1061645830
1498648183
1857172485
969631961
1720547605
450071858
-1266298636
-617590448
-2106046773
-503373962
-1539414744
939971788
1573490416
38463749
105882067
884944582
-1899073719
-1154376823
753788702
-1870113004
1946773273
-633559611
1528403273
-180885961
-1501427989
-7593459
2108410902
1574660848
1962498191
-2075478024
-1855636377
1452344600
1101939553
1074881875
770043942
-1009886799
1968009424
-1576377768
176106596
-1306905545
1230796062
-1277061857
1295962564
-894539460
455622756
1250183251
279306010
-490942925
-1304749095
2056853801
-1351484850
996891275
-622938286
666128526
435954566
1296614911
-1703736564
1960582047
741144196
-734250964
-794095191
-298625186
-1071047093
-2046304925
1246535288
1574495137
115269385
-962628416
-1608461319
2088022349
-1631069648
2014391163
-73990497
-1614086204
1891660005
-254781059
1249105879
1916894619
-1391957858
1209463606
402879817
-725008240
1570158085
-1374960467
1021601885
-1134835525
287609379
-374814248
-1293495808
73958146
-1309524550
1782462509
-253595993
1668513489
-561375503
-2094789256
1595072147
1979534091
669836598
1593128943
1471786583
-388551109
-1445167265
1238150019
632939415
1585851918
631779346
11401336
-203877871
-1635083771
1613790311
1959278391
1334721761
-930542234
655241419
-1394909854
-234420224
-1280500621
1495455783
1123373097
-443548147
-747822882
1251410240
440223707
-854266289
559536507
766309984
-723953472
1262135034
-820260553
118803254
-429705947
115576753
1064026440
2010703098
-920748873
402974796
-940416347
248013012
1551117588
1238020058
-1949343048
1102511230
526124959
1650751465
-833720494
-364878553
982909075
-709515260
441224671
-1808330598
-501019814
46658941
-1539362342
-473627489
-863119329
1955009387
905037442
1221013665
2122929825
-247931146
-2094686258
1917992336
729027146
1368755153
-125073763
-86378488
2091694976
-996698872
1515017265
1902295219
-745180614
-128748037
-3059490
-1196003606
-2115459627
-2036109399
1053313534
420295074
182165031
1853087281
-214789337
-583828859
582484436
-2076122474
-1005099361
-667521185
-1017713184
-702651198
1080908048
1312873915
259879557
2108666317
-1670785929
-388379443
-1094481593
1157905022
1347997282
912247186
-1800677308
-1633470959
779955546
-1263906506
-1188833584
-2056770246
2022543773
829226421
1007232833
-227626646
-966232816
-426878781
1237989894
1181467728
433444467
-815892240
-1710912002
-1665682526
-1512315946
1404554503
-76799481
-650941156
-1366337461
1104591287
-144643116
-77558072
2141159644
-1118114443
-719820797
-122439808
124329151
61836960
-1801939090
-90383439
-648377145
-901404699
791346624
1111073377
-1742272994
1272870628
-1177062069
1348603506
1710079025
2111406355
949480473
-184551385
-2125122069
659854050
-1553834432
145103591
-1444265436
-534115040
36151674
1197718337
-149602469
666641565
-1615145484
-937547472
586132131
-2126383089
1048481894
545890975
-1066456613
-1355440071
1643254115
1869568558
-1174764254
-3105207
654974450
1300670006
-841989239
58084481
-1612296868
1426299914
2146295561
-1044237030
523034695
1499306880
1352778678
2095739748
-1855687421
536121007
-1830711756
-1685814479
-1069273821
123986425
1361132906
1488790132
-899147697
1790867531
-1845539979
955918628
-228525992
266280867
2061820384
-286819482
938717837
-1196602926
888708369
-1184990742
-1764883892
653135235
-1145728251
1336513684
-1136967461
-181030021
1935642943
362537823
314398328
-2045881311
1537787389
-1777407618
68888750
-1465104063
661407917
-1764301117
-1179182615
684816396
1755592095
-1889510588
-1256886707
1242347363
1056526586
-651189957
-1331451454
-1382885804
-1430952716
-1314537170
5192531
-1715271964
1556139837
-1795431345
1670056376
1396748558
-639176261
-1114044123
-62343887
-1113001460
1126464125
-1359225238
291742356
-578139180
2038281960
-760420297
-464968791
-358004507
-2130024906
-565488802
1116360885
1090852930
-1882734815
772348694
-2118555820
-994351682
-1600611110
-1928239907
935182987
-652545414
1827080000
1201551002
-1863925731
1109963180
-2032563634
1999694593
-2135480547
-1848414815
-700313388
-2102196166
-404233276
-884066044
-896321943
-260350779
-222679932
-540397472
931415199
831358615
-2086771619
-2075373597
-2015670408
-1440200567
683036270
-1729863324
-312990439
1041846770
1678665422
710297254
-1657666371
1167285394
-1881967460
-1063836707
1497714923
1672332465
1317448020
-1298911630
1311617259
8585095
-997990044
584131587
828134774
-2007657506
559077886
-456610387
-16690004
1299806453
-1384812497
685323149
1771721034
1849294759
1643265329
-2144541566
459792667
953330124
1392255996
-1414269384
674129583
-1475111969
336372770
355754338
1119769162
296768737
-355465764
-1478320570
1896545823
1975679100
-1264602273
-1557453442
-2108253762
-336136342
-247966860
-1634944772
-1737697079
-261074409
1780382023
887077198
-1102227218
920465797
1912470910
543623970
390198032
-1210207633
394089613
734744845
1751935943
-774914383
-725649848
1995013511
261764874
616372454
90450617
-1519779526
1273250603
-1079247278
-1719676877
-1599727237
-1433665790
-566394110
1107357350
1790247704
-2082074771
-695006159
1938500661
-573369005
2083940343
-1826190098
-1389070587
636553518
-1435977002
-1864931078
436893784
-631639831
1170961435
-2128076298
-468474663
792896457
-341658588
1908880061
-153059783
452829722
-1060373164
1732230414
-470361606
481998197
-234714874
1196748142
-1784004215
-1284910778
-1713408066
2052405580
1251065746
1724708744
-1917824863
-270476443
1442623120
1933387218
1693549606
-177130902
-1915921246
-563966313
-1847466482
832890335
1832491173
-1470061911
528437905
-382798523
1667136638
1710927615
-1584663847
-1618668165
-1248458569
1295913655
-918629197
4980832
-716020403
1535856989
-1942369917
2101779133
556522439
-106461843
-1232486279
158798946
772529802
1695807254
1796608002
326067854
-382684821
897702720
-2093587840
952161427
-76904570
-569082160
-445760964
-380611910
-1163122099
-595303894
-137871205
1028650851
-434733597
-128317193
-482683761
-369370512
860321450
446661160
-970814384
2050688740
-14003174
-1093407687
2071371340
-1892982074
-99601196
685537722
-1104779940
-341200565
1941264374
-1922909686
458126391
-883616973
-1589076048
1523067493
-35197909
-2086688397
1255155991
1020482337
-1166800119
-1837875693
1201605945
1018885428
-1403181984
336795481
-264396943
913837049
1880979950
-1891215065
-1603879685
2073012019
12953427
774936737
-757988918
-552476335
-478440184
-922843630
-1549011304
245069299
-1273878898
-1192308464
1260031039
1291566253
-508487702
-1145984291
-1472366521
-1527182326
2098773584
1666419471
1409238719
164219090
-627793891
-1409475981
319108432
-1485265521
-479520758
-2129893329
1549347726
-1278290354
617052062
-861287130
407528593
952581282
-2013307676
1379738015
-1648976444
-1338388499
-1326764194
592324904
1152835324
2107557346
-32180167
832919736
-238538804
-1027784891
1124075969
-147825901
-1522938345
521239797
1912547862
-1501563022
355449317
1274208556
1614165280
-68469150
1847700090
1765949700
-1497404993
-507633428
-1549025116
602753596
-558115257
1469568501
-217609643
-1592000196
1184471083
-1065373208
-556192912
-2102813866
1817305847
444421265
-1704607769
735721806
504103555
132862284
2114276101
743654939
1873923173
-1131825826
955500552
-344687121
-1680526169
818417826
1523199986
596369781
1611528633
-1156258713
-366901088
-1019274919
-604922968
-1015374696
-881897189
2015956492
221713040
2142271262
206298925
-1873627192
-1766131633
-146276991
-515341769
1696230098
1513101691
1325790421
-2138800319
26027006
-2003590763
33548243
-1903347117
-731276936
-1690610050
486911813
-1358487294
-1556278336
1237817129
1198562471
-329110963
-1937353994
531239313
-907531509
448135081
583730263
428696557
1648777789
1997480793
-1102017529
1861819683
2042894374
2134353923
1190209296
-766455687
-768058251
463162752
1737664938
1745105042
1857739387
-1903159565
1498701244
414279063
-173707946
1598664220
31311267
-1067838797
201171537
1682909166
-963623119
-639713595
-687733366
-1095762338
1106903799
1492882513
1848448213
-1381084291
-1979163705
1497148598
1085930720
-1620979256
1079833204
2098158246
1406502039
1463270847
-1827661349
1618552785
2087176906
-731247437
1062733606
1716812259
-418792948
1238406372
-1321450929
-1602350415
478369500
-1022580021
1743854307
1381883822
1465797642
1648410547
-1108400888
-186069853
837441875
-1433741939
1117192897
182488479
432506958
1469176837
-1452147345
116495403
1491356556
1860389584
1696871322
43951042
303819769
-1243640505
-902996239
-1075005057
461629576
-1949756615
-874416497
263797528
-532861937
1819482876
1288876415
382705930
1099447663
-2109044539
-1753567870
1534267413
153734647
-1354473671
-326582769
123966955
-937473527
685944131
1981261722
1454243107
-1166454786
356123944
711805721
-317690765
1714172230
-1024536361
-771029565
1638745374
1963254228
-305981563
335399194
241759403
-1275921992
-1446868871
-53924053
1558621655
29273356
-1046225116
1211698964
-505201461
1196154388
-1630276492
-249997881
-2014549359
-1309037151
-737144471
1401693964
2003215300
1472212405
-1816504601
-206402868
-356919673
312744556
1114394318
-1428411765
2107227064
-936198887
-772212153
1303831350
82640740
-399090257
307294561
-2042679522
-1927676804
-973740446
-238000165
-1732334524
-1514733623
2136513933
380119875
-1674165546
-1090042339
-2022630955
-57676225
-1738166279
-1634915894
478205071
369194282
1182431433
395129688
381156958
1814132706
1770817949
2045051249
-1693746656
91507935
-374405745
-128697312
2125799947
1992929672
-473953733
2122647354
445692690
2091664321
-1853199419
-1576753125
600455821
995524808
1702407457
255087254
-277331432
-1057465023
-1823950706
-951758554
-1962412614
-281687410
-400286622
-439157656
-368209847
-428360348
-1334259699
1457534413
1432312333
623806875
623560023
-1071294070
1838605732
-1883396284
-1535718932
-302588972
-1100040412
-1598671616
-916226791
-740555447
-1087325818
-981021809
1059413464
-697269583
-2134104511
-283347289
816264457
-962413595
1785709365
962193158
800612354
286008846
-1678796086
755446218
-411648183
-163576557
-1744072103
120434944
1789021599
-1379905460
438207178
-201795206
1021616961
-1810911621
-1189890179
-1284630044
-1510545047
-1605190405
-1627719827
1759188761
-2093678054
1986139705
-143557485
-1275405902
-1076565987
1381092195
966294920
-909655840
971344710
-1987426976
1924672877
1274629755
44608763
1859764479
-1355262450
-1500897190
1074757878
2040846962
1854271557
-476861724
593106505
-942679043
906976924
613583079
1515572386
-2057190423
1039609398
1308587176
-2051581488
-1082313281
1639416302
1280720442
-875486331
1767557810
-437351488
-1587195117
-877727395
1421047132
-718358425
1666558683
2108439327
-88019795
640905544
1568943495
-198535359
-890940897
679843982
-1019025754
895618481
1466599214
-676781163
-1624663557
1453150930
-354621945
1386182539
1946324299
-1513083196
-2004070017
1411411028
131701623
-1734961944
66703430
-777643602
192996556
-1148244061
346498908
-360328554
-767577959
1391223905
690038723
-1089277207
-74099711
1631785948
1148494709
946758477
1162031635
2085526173
-1614201448
-160434351
-2089932521
483775938
-841184785
-1606088238
1490616618
-682283006
449523604
2016541601
-281104371
1389230830
792527587
-107317150
-387152327
-1839490951
635718329
1011787190
-1373005514
-1322043206
1150264542
123314332
1140457260
-4509713
437337535
-1167069932
195145657
1068705989
-2026549408
904051716
1010048517
-852052267
237837200
-2014893217
112910356
-688386702
-126692003
-1588665212
592377691
1772674721
2055089610
-1916683037
-685404523
1298376296
-303532097
1784560870
1112162518
1481107019
-1323657408
-2086588147
751713760
2074088723
-695324703
-288183973
1876221876
152061649
-531708295
-1908864272
475759980
1471729953
-1778464235
-1875306505
1629734727
1848143795
258979887
445911490
-133933051
-911364857
1125896224
1382242610
844506997
-296774793
1774389714
1367552348
158898763
-2001606022
-296467527
-1055618968
1824582455
-2069265370
912710659
-925373764
1054214450
1149853430
-1827133171
983696474
-2101639398
-696672307
258180377
1783387270
1642295425
-1699370949
2135089470
-208996436
1372067777
-945894146
1162941343
-499471489
1577857363
-614108982
1250317535
-985108123
-1120874400
-1629321396
-533028652
1250325265
1859524760
1851245676
-283054470
551030129
-596330173
460127186
1504277289
811148747
-842300011
-1138395988
-1268226806
1271082274
-1977762235
-185584211
-16650041
-2053868066
-1676418976
-593326760
1660114561
1688518571
1490685274
542923389
-425958905
-1994646112
1362387045
-280372989
-1452559805
-1972397404
368231685
-617679128
-2059172873
861487117
-307027228
-287017594
-1336675415
-403217783
158986978
-273720553
1023601372
1050237249
-1919512208
98531451
-1706480512
1400767291
365552158
-592836808
-1318112086
1965735679
-1141172111
-452877375
361488263
-1471694723
-1322272263
-1954732038
1221725070
-1990676179
372845987
1651714555
853125876
-25713032
1977314379
126362388
82049125
1571355222
1649780373
-1287027952
1826734832
1807155767
-1385237507
978334654
-922876606
1308434471
968253227
-435597140
719207446
90753580
-825826421
132912949
921513964
-1132911630
-833277923
-523218242
270280184
1936461481
1574323081
1200146748
-2033079203
-548285650
501953910
169438200
427586970
-2136028568
-22036197
-65449834
565442372
-1897617420
466511125
-280185261
-516440075
-1122809084
-703189893
-511468659
1371125892
-1648674428
-142904017
-1332893816
1617871990
1919560061
-2094119050
-623088530
237270451
375143614
-1425665333
-1250343529
760334204
-461188424
388752367
243553803
-997976932
-1794370390
1776904260
851864388
-2081899299
311730173
1897157211
-2059941833
63385021
-706809104
1576203211
1425677461
1590051425
-159219849
1290805316
-245093299
420687562
2042529888
1564585443
2023877462
-2077267386
-1933890376
654714567
-598470230
26103080
-146455188
-376209437
-1262064747
-1283304005
-977798862
-856037099
-687576529
-1887090573
-1500435799
-698676616
545765414
233152357
-530832193
401031925
1958008512
1150745848
-646960814
1750580256
-1458174177
1821021660
-1833515495
-740989119
-981138489
768591419
-74968123
-1633011793
24661597
-1777580497
-722910365
1243295332
-1078913615
31371635
-933487101
-1700853042
835909630
733304412
406084254
1032762595
-2042682000
-590446583
-1085149644
-928402313
-1876908315
-1229541415
846051893
1754941905
-1003500297
938244637
538459425
-2109080709
2022640442
1956182542
1281370482
-1232032424
1669579713
667357441
-468646215
1574278396
-269367577
1634919640
-1344782074
-2099601609
-1079473333
2104381883
1537297036
1180703475
1996317212
-2052177144
1751102341
567786815
320744342
593504135
1351113811
-1019522389
-1187229749
-1134168862
1206461927
-661868075
1214775206
-238391725
-794770330
-1949711548
1861222956
-22633825
116299785
829993588
-2036690427
1091360066
246198340
-1583506383
-1118826693
-1088665877
-440115926
1311526440
-904361664
-1264283350
420475663
-1340216390
-1663474379
150374759
1797432430
1853590547
-1705991063
334225174
-2137418227
1579951483
1369411359
-468850392
-1708682914
1734695403
1972291475
-1990764860
1807677736
-1820067613
-841873089
-141314250
1079239782
755649146
-600696742
1276841255
-51739793
1892644790
-353917535
-2083069682
-901500074
-464739299
-52811176
-1956542746
1690297235
-559313780
-1037959021
-1830319327
1680388578
703840070
-480429135
1837005532
1937236075
621330767
291177769
-1356629165
155028002
1584182523
-1265008248
415720598
-21644944
-238266943
-2058452550
-2047519876
-1949973229
-830317228
-244087673
117171928
-76015807
-1838832140
-154022816
-1672438806
-1924480237
-2103009792
-208433828
1466433048
-1106801631
-371728176
615217020
-1581998627
-719174551
1470564545
-692838090
1865024257
1812243572
-645394800
939333169
-37745142
1904017851
-991507989
-913076660
-96043790
1324844870
1754752837
1836126436
-341866727
-1786784619
1568138985
1373276246
1265878141
1610819268
-222168751
-1851881022
-706685913
891908073
-1431450440
1720309010
734492136
396230848
217817070
-1688907462
-1401615547
-167335798
2013474410
1690372288
1722790831
1181904689
-1689957979
-1832654209
-1645512713
704073135
158151589
-890219865
-1042138880
2127071409
-931885353
547987463
-198224459
797282679
-25823454
1455905166
-1674888131
1612419325
770152504
-1794725874
-732800403
-1047396001
-709339858
-1703729085
558244222
-390268551
2120176974
-251897580
1210978559
1985351373
496437804
1576872472
-601228020
-878251607
1954153206
-2083557797
1206256576
-335599735
1615405328
702363489
1953752551
-1428125767
-1702362656
-146908054
1888794360
-412852674
-1030376987
672182775
-1898375103
18176246
-1095434994
1000191372
-1263701148
-140991746
500756553
558412216
466282497
2000867923
-1950392231
-1603494318
-1713577804
123440059
388794860
-1140768508
-625573054
1570570469
-877125908
-1974250995
-2022543346
-1549095729
1456297237
1267968322
2072675537
17625703
1334102471
-1547847851
1067226761
-1527414411
-1944563940
1838534489
-1821616462
-1595234889
1394472509
428082309
-587081805
1454761037
1538845425
1813553207
-1933089637
-623604905
2076439670
1901294652
-1786732532
795809756
-1360875628
-610824882
-702538121
2093389293
983815662
-876017187
304082825
-1454022902
464529051
866851090
-699086108
-808265021
1940308980
-261069296
1668994065
-769645150
1208031919
835744636
-1741280843
-1742880184
-983194068
1444457279
2033234947
-1228359467
963782158
-1378343286
-1298012558
956287117
-1267001074
1982951962
-1977325393
-432566345
2118619403
667800252
-1383540013
-1502687800
1236120676
505531923
177481944
-467524671
-60456822
-1083507815
126558537
252770004
1739366864
499868131
-1537981639
-1952753331
-55610235
1969677352
185857909
1956322736
978879300
-1498708989
615950588
253261853
-1167518071
-1892320393
-719359825
-1168322052
-1496143481
-347311308
2062108740
2045555669
1467111481
-1241032424
1259600000
203155839
-1865639241
318282488
-1328204123
1434272892
-1753685558
-232994401
1079616808
-509501277
517073090
1642194966
1070115750
1521487615
762892422
-205657307
-1214686695
1302022903
-460957717
-1976619751
1098238790
-430514770
-1205418679
862575048
-20071815
-1196387412
-15575733
1990301394
-988790668
1033447613
-1021492473
1393486889
1620044708
-1544466919
-1120420530
-2084294446
-7100522
-1918996795
1139236164
-765591572
1212819369
-1879255496
1640559154
148339185
628934915
-134537920
323139226
-1735731653
37363656
-1333460698
-327400821
1173031114
2071962505
-341702384
-734867657
235634756
-1284690182
-1508991578
-1705664574
1222066236
-1828436248
-2141423880
-1816157348
-2128028746
-1054843799
303137951
-64969583
520688618
-1233879468
-1995787231
762943967
1483874120
-1574031885
2077899162
380955528
-1236149060
1084508919
-1758511465
706527914
644183859
7621291
-1496376507
-33639028
590167388
-102814100
948338122
1592616249
165654962
593161560
754656242
-1056579501
-1624303942
-1671150266
1303186190
229105440
-417006711
-672651531
-352306664
1248668905
1988856969
1364930951
1997965851
-1507995005
-309023620
1846079791
-1932324655
237229613
1206589887
1317786921
1003950477
-1814387555
-1906695213
-302378774
1424136283
-96241836
1845277977
-1134371687
-1140776091
-1284944839
-2136165156
1543162045
160235159
643056230
645399957
-1290987210
1989817734
605384764
-1334795415
-1145873551
-821805171
695305916
243377909
1823714263
-379073991
742512153
-62181298
-2013700475
-1778104858
-720861304
-660373949
-1037893822
-1760094039
-810672037
2021373412
2128338093
-1308845199
1328259661
-1261756857
-1503227210
1317094760
-2008687329
-2079599479
-182368177
462399902
749978979
-1090503661
-1658612638
1678650089
1263723671
1579724574
1604402692
-561411578
950679157
-305843336
381438955
-327699965
-1506998392
297219975
1680086813
883975905
196389122
1699978126
881218794
-294667660
1187057100
2104855343
-1900917732
-653235314
1937614047
-920196304
-1231181460
-286616740
-1249311534
-147103871
-1149393098
832914703
-279757645
562507133
-1138852752
839910334
1607458329
-1993638288
1624131288
126038666
880153721
788907609
-1915755412
-1995119870
1381653944
266883824
664629279
-1478384183
-1043154942
-1843509526
-494316087
-1954594442
768563417
-1860336262
-1396166306
1923707835
136266096
23941659
-337842846
-1466490680
-277265351
-101668724
-670837604
224957681
-1869131844
-449867492
13667081
-1811563379
574296746
355136807
-251780589
-1412598239
-640660174
318420959
-340804605
786784958
-321756270
-248637617
2119398067
554424487
1465910768
283285917
-1220512378
885251126
1002504554
503712399
88380060
-1211284737
508530282
998002000
1457823554
-1571199691
-159928257
606733938
-195660888
546242892
1301576169
1718706742
-1401786923
32912864
-929280973
1421769483
1581625310
546289109
789209351
328541268
1036881237
-2014799170
-1987758083
-1670767250
-1376265216
229538178
1655093300
682488049
1670061003
794664252
-1253827739
1376781364
659859966
-1914860445
585168437
543464214
-651529294
-696370133
-1143344695
318821372
-600777855
-2096458199
-695661921
252436501
1588381308
-1362414531
611215516
-1636500508
-1212873631
-2036435285
-1316608928
2016537599
-1969912051
888756363
-1549496863
1247937044
1709841711
-638146973
456640567
-567415252
43885630
1238399762
1298583220
469557299
676717996
997861103
-294439113
689683895
279155547
-204544719
-71023167
-964988944
466687824
-1574173808
1817650504
2130152960
-257807706
-946642900
-575055413
-756619398
251750340
2078106030
-395329626
-355749080
1136151506
-212873812
-503469017
-65968632
-870229144
-1402920622
-907738272
1025668760
-880058744
1875267645
1529960254
1509986387
-1543510066
912461226
2058183642
-466748550
-259089691
-409795633
-872186609
1348418839
459400765
683974024
1123991883
374879038
-1661393926
2076460598
1126966698
1405628822
-684763601
631325668
-596136128
-1909661161
-1519062453
-1425829974
273903030
-2114195948
1192652755
-1705226154
-1111815401
1120908156
1339067985
1188092744
-465566485
-1185707428
428770956
-1973788772
-1132993915
-59744601
-2026005768
-1869439090
-1612252007
1409458745
929348463
-1605870566
-1458066927
1617877785
-186240991
1316771555
792127008
-335916546
-532906039
336727637
-192101482
354526484
-2099051231
-426928115
-843562634
-1803599105
-2068977769
-706069129
1174099141
-378531296
-958633151
1412153016
-60998748
-960182250
636210189
1493589967
590769569
-2135771770
1893734460
454566902
1092271433
-685831649
1444658704
1257233230
1951104769
-544484136
573948099
818210490
-2111518443
681460860
1875495099
2123159050
-1214897903
1521085543
-12811524
860505180
1877486159
2099581329
1042416606
1413650110
823536081
-727301173
-426041089
729710872
-98864304
-1337211063
450492026
-221022904
1023546260
-328101280
2001537880
-2047713138
1031883782
-475864177
2046019910
-1227203798
852472707
-1174359101
-162120824
-455856572
-1321856910
-1557755690
-154842835
1493554187
-215138280
-81040296
-1272455548
-352627169
-1683833046
-789247342
955038158
1836363315
1352968099
518995399
-922759372
647924974
7288792
932874685
1931311099
148253458
-1886519
1904757627
-556998411
-797538081
1242417593
2055446867
-789681094
-1976582215
-1579184385
-938324190
1180826136
709839368
-356904418
-1133960490
-468431545
-1033214625
-950538989
1856216368
-989725087
-431361313
302328558
-1144593718
78754448
-183928355
-2107457628
-938198693
1586399624
642855106
1565075746
1437570362
-1549338952
2007838771
940281253
48429856
-538740293
1367487601
446557000
1469037105
-1056183788
138580225
-382325538
-2098544067
338250266
864828047
1328101378
1219598914
339563825
1275267854
390219883
601471797
1596472634
-1740069852
853814404
1553224449
-165131444
1269142469
-1104595141
1151120335
-303671389
-603087075
1026554648
258470792
-910340904
727930803
-1693441390
-1607434345
-837146030
-1216520501
785643933
104900851
1907702268
-810419445
461929607
1418423388
71068984
-472652704
-1086390268
-1395459356
1578243346
-1714066910
-554121593
479250096
658663864
318068597
-1272572206
-1295312896
-553282262
-374654477
-1461213232
-1371509140
541799725
482274951
869954978
-82759057
-1238923131
-1672374117
2315255
1653898025
1808382818
828139381
334549408
-947065760
1378223898
1368116702
2080325987
-927010617
-1594517224
1453592580
-1089209330
-331754365
-1134988012
-603567199
-299749425
-1967553558
327992964
1958436443
236769475
-1667304819
48649553
-488878483
748584652
358182520
456135117
-1132062329
432632998
-151297097
-715723803
1694567923
1028576316
-900115428
-354129518
1084363256
-1683102664
-927332544
483831957
-2123465341
145822424
520828614
-360515741
804350466
-298331640
670972646
-1803972259
-1589928813
-2017877844
-291210455
857868867
1056271966
484431164
1717282673
-919010070
-486779074
-1789330026
1935015228
650170669
1937505958
-1092491250
-1861542615
1955654945
1896675010
699247050
-845007686
448783756
-1268677156
-2011744691
724467802
-672773738
1051402753
-904111024
-1113364062
-1276074559
896107235
-1798620200
250987991
-1709065706
-2114032127
1724418436
909375671
-498770016
359637253
1990603559
1790377844
-1406676706
594706028
-1289274986
-1104500736
1634487027
1265852523
-234433598
-1622443893
-468109727
1157936657
1151741704
672992073
1121932278
1296060072
744841415
1564729976
1384421701
-160991391
1738628403
89782433
1295168985
-1330327761
-979761304
-1094348515
-806063258
622654706
-1474253118
1561201882
-341023422
1726575576
-148861589
1143129951
-461202670
-638873088
-2129126348
-1664860147
7228104
381347167
1572032424
-1988095065
-161765940
-548547865
-2111565218
1806993939
717049209
-1971823643
-2099801969
1142471777
-1621353782
-20980310
-2130958105
110270220
-97571500
448309101
-1791682913
-1779155840
623998327
487361135
420882635
231640028
382283216
2123876448
-2942224
253677560
1386805233
-1610873855
-785161511
1014618793
-1655074732
1876891658
-1181448278
-1011412925
1544965516
-1308231603
-1143843275
1380067167
-829038916
534380826
932021900
-1235050275
201063757
719935717
1287562966
-1758184404
-1228405285
-1881585626
-435396762
1996221384
811576431
508275584
1798923273
-1002893820
-1558953997
2124866597
-311449953
1032515081
611594466
1405217400
2104729324
-947990242
279039806
-1033083149
-786187345
-103082967
1568895943
904197450
1196773620
-801104523
1093699689
-1798441520
677484454
-935319884
356656117
408129818
-70610329
1234903880
-941282028
-1925459487
1233709988
-61061443
-2030618505
247724332
-854515485
-261427302
810980947
-1011060562
1110413151
2063137369
-1205779700
-242811028
-1648347691
-61554510
1495641904
-592370526
-549437536
1816480031
1887670950
-1776370457
830778627
1752918684
984235814
-1940433521
-641553211
1745545391
-658168341
-1261776304
1640725251
-997536857
-1719761753
1997031719
1982257473
497842472
839609783
1848391804
1741976513
-1693626138
-1812750440
830045060
86886424
570347951
1010491288
-429743898
1122459901
1715309231
280546256
-1971353695
-1094091932
-45130513
734484561
-180001236
-1633326901
1086705950
-734041188
907386846
1619935954
-869694060
-2093068712
2107247760
1655751697
-65013613
1772479038
1739298432
-762357211
-978505009
-1074473897
-1754639753
1109705996
176625200
456343145
-402885074
-692004942
-1031252779
-1937544274
1541132525
915942859
-1230154660
-307383097
-1192252811
1882778339
1877311840
385459951
-886363104
-811346254
2007488322
-250221965
1749465157
1089104565
836870188
1005821025
-139668511
-1524128519
-876433069
1083248511
-937851277
-1783450567
-648370309
1929062527
1526027302
130535723
-382801984
-1165244048
-496814539
970250518
959015058
-874577802
-57985654
1079803304
-1078163712
-782242371
-1558082647
1950096901
1461218362
-672557910
-607883828
1280154915
991086416
-737735597
-490150322
-1038104236
1831460671
220316465
-525246388
169158948
1897414958
-1247557100
823052680
-69058204
805211892
218061398
1916235409
912369798
1820144094
-1444148397
-28510944
-1840940245
-680528466
993880856
-1313007419
1871906298
-1885745179
-474091943
-2013327934
2068756659
917460805
1018457000
1191816759
-1299466621
538095504
1651086820
991745406
930322329
-914625130
1231432175
-1724215848
1762668536
1744123758
24757155
357758024
283799439
-62774013
-1205498363
1274017471
791588742
-46258990
-301645125
-329494408
1480065242
490072305
-846975813
-636262235
-362196949
754720850
1003692613
1761474379
-363564332
1421475912
-1561351662
836342890
-1432587972
998269515
-1814315059
-244869792
-1107189141
-1146717705
-299308094
1205984398
299592928
659515226
-588209707
-1258651845
-1892892512
641739118
-1937826892
-1315609160
-1380082030
-524045084
1318396496
-1984345659
7684362
-2097990877
-126322040
2032645939
-1042957917
1955900815
-1789794009
1373762250
-1271719855
-1138579186
1003684368
-2015696020
-2142408779
2075358663
-1894959433
779393402
-275363149
-459327700
-2096703533
896102517
-1830852799
1060104250
-1389232559
-643250456
1404684930
378986495
850694027
-977839995
598311442
1662491228
967823545
580077198
432252579
-720385780
1118387623
-533906826
1251046344
-1753157404
-1826777432
-1451323705
141330704
-264235172
-1386063414
1449042502
-516577193
-1019984819
-209118390
-1430800044
176719191
-447423493
-163876534
-505540202
1151629957
1470436694
2092787393
-606991400
-412403942
1920602237
598714802
-614428626
2035530351
36524418
336193696
497225820
524365965
-1607097484
240718656
1335020663
2064811012
-1162041447
248803952
192495051
1454946555
-781740805
-1869100184
1078053887
1072653704
1148054565
-796917202
1045377143
244570946
-2088688850
-167055537
1387867129
441243155
-1867215370
1098013899
1895658130
-1661090734
1220871855
88432208
-1502023238
-1281491952
437525151
1984067755
-1867721546
2143121841
782417699
560483451
296020797
-830094402
932434678
-178669529
722163294
664776698
847179699
1284351249
-1966104672
1548895666
-1637855336
-929958901
-1710907798
1320315225
-1619342452
1194081545
436391845
923696467
-1018350238
-275098088
-1022950497
-1003797487
806130271
-1545611889
1160218162
-22786211
-1842808327
-684915837
1040327973
1511231734
-1770316575
1782509183
-1909475119
751362143
-48973757
811571060
1053037319
1242794483
-1618052788
-827823890
1134786609
1890401085
978457836
-493326968
-1454111049
-134815610
2064095197
-1741489758
-1770803037
-928168018
590951139
-638403504
1348578183
1908710463
-709818540
153643925
-1573619042
-1653141314
189315034
589004752
2063857456
1854163269
1494925687
-2118733194
-685704389
1466194766
-1836982071
485569537
1967821391
-703957296
-715978865
-1614754521
-7678791
-2080338801
1786947179
-2022678705
493080803
224822704
-785494296
1375303744
-325638406
-1493901173
-1039142465
-558437093
358169297
1556858564
2112896342
800174219
-1335156731
1054142620
251781256
-1071097798
2141496416
-988812924
325563819
1778713990
774511746
1535478259
985930190
251438452
-216017219
-2078754183
1775236162
-699548700
-1301850047
1631048722
-908316069
751054342
-1592735624
1490235839
1057536887
-452280308
955068083
942851922
1932009791
-508937696
2119460358
1351471497
-185102291
-744396648
-17044625
920974174
-1077492659
2139122536
-1628837315
-1999612771
-1088158138
178587864
56765103
-1996974666
-1193511781
1641871222
-647969062
-636834604
635510062
1703826253
537971152
-1285291986
1554361094
752202326
904600830
-793423460
2106960977
336366638
2064410582
447762284
-1870023508
320989449
-1558788691
-1279467914
1895161761
-530936858
652113381
502296941
-1977649296
-72545277
-395384242
-1739390600
88065041
-381578861
-320350263
1847753728
894846585
-1780209234
-712495826
-1400981045
-1882397668
1236526473
1714885743
-957000887
-231422285
1263024358
976839165
-217717202
-326437826
-1154921523
-1178331542
321691712
551543628
-2079378564
1258477135
-1534450831
-449998982
-81312101
-1858896785
1411192624
1457246776
-471990092
-1293538788
1257437947
556467155
-1616959263
394492377
1492848184
-994498386
-85643322
-1171212224
1971282245
651570898
285997249
524568357
1878352845
1201668010
1726644832
-1745187076
-1793555363
-299406842
-1803935213
-532798857
-1068059338
-563402647
-2029435102
979105907
700443236
1174833024
-1427965728
380035092
-366549745
-1102745361
-1271692255
-1885629650
-348987376
-718807469
-1903817752
-1337390362
-586747449
251328644
1740501348
-1596523880
1914667
-808556774
1110066973
-1640065797
-1790895071
1802540082
-662650006
-1662517373
-1468705518
-1811617678
2037442086
-736028666
-1824039497
-1628224695
1582777763
1216901282
-119828170
1042297723
-1666959651
-137255459
1863987058
-1135496228
1527268594
653685517
1712776094
-274960293
1303129041
-952489735
-565075949
-1745758398
2128693810
345729728
-385293468
-223905093
521322181
-1012247303
-524109138
-497777003
-24206163
-76057829
1957893427
485117512
-1589501137
1152526111
-1929691862
-1665583306
-1225112410
-1085053085
1361545680
-731675853
-2056861510
-1365510447
588095170
1708375879
1262183889
2113633088
-1350644594
-513484110
1486826948
719853081
-1587059066
684075567
-2029098
-972790979
1949114840
-922363011
1164149217
-345243098
346804699
214998298
1981891281
1960643916
-967764565
-1013088687
1548687446
-1292426295
1087163127
543771511
1891061205
-2094077633
1809144345
-2095781264
548776607
413081593
249311078
514751352
2071625060
617529680
1535112647
-450543073
2024696553
-1122650033
1615816328
-630941035
-1510476807
1203774106
927515247
1574076199
-1417746792
1940536203
-2052110320
1307730441
-2137444738
-1408412259
-1835975841
1588944726
-862996285
853050893
-1678880122
202181460
857824982
-2072648002
18324473
1072062715
-866841421
2055705180
-2132856378
-788097865
-762603948
-835338556
-323006927
932958060
1809117288
-1067869789
-461007488
1089476027
328450114
1416022876
428386578
-1110646909
2058712852
1555022895
976967606
1929520042
376728668
-1581303913
-1873674439
1366023197
452766621
1698916850
-236719296
-956479980
1336109394
-106023833
1648098648
-183934310
1089229599
-596188413
1856522827
-1519092916
-2137575607
-803647195
1472944309
-520966304
1218674536
-1631590372
-1510687530
942918889
1256135259
490497038
673303976
-652412328
1181741435
-2117237989
783519539
-600509371
655914258
1500381889
1172860448
1299178351
-1443279858
726372225
-839016308
181669633
1888113393
-490042685
-1463468001
-348066025
-407890421
1063635702
1002139996
-1137286273
-982369557
218610171
997600313
-1894640957
522882322
-1452509757
-286230030
-787139225
860594666
569562934
-1075102695
-1780133522
542722038
-348355754
1051382002
-430003677
-2053360311
660302500
200943869
1706518549
-994203332
-1840424254
164700627
291421538
-1794181797
1433175641
2055551541
-1527543240
1292640671
730212156
1699279713
1734493593
-1545068574
-961110323
1311732647
15871581
1457799822
1362933919
-2060501444
-536475523
-1407456616
292287324
-1946676146
-1814762867
159948972
-1191185431
857559896
363061130
43126185
663848647
-2057870153
-229547818
1270908496
2031080380
-1464593796
-1550848897
-631235017
304523186
-491334270
-1438827577
810382851
396687582
-1830326077
1712840160
33863893
-645592796
-2141295129
-2098382090
1235123460
1483328185
1472483101
-1401535629
-1410499571
863726345
-651064786
549015422
1084970439
650586075
1974116559
-2127826237
852611802
1575277235
198502966
-986199943
-568239503
1843832439
-130686481
-1989051488
-1850962130
-490843307
-1072164881
-972976245
-1337178274
697066723
-1941053975
-1598903139
-1235331986
-520264057
1404825056
-65964713
-1687892580
2099931672
-1306933763
1095116689
-314387983
-609692475
-1091508831
-569340409
-315689619
684693045
-389048386
-2947561
1665322372
-17420816
-1842997662
807509448
1200329
1171530493
1973015444
-619278834
590151144
1097716171
1208220515
872256843
353762778
-815418284
-1811053765
-436472295
39826771
-984119169
-408135046
208870982
-815105667
492107973
1944752194
-566740449
-1475519509
1693559575
-1667661168
-1751435279
-1486143032
566680063
1696623245
-1780744244
967162446
1647631365
2058803748
1532289930
-1102952322
-324321965
-128909612
-1299346673
1043207181
-920236133
512540102
1071243473
-1231604323
-1306831816
-1488192223
693944986
-107867604
838509715
983150237
-1132561780
-1712031279
1392606408
-834900138
174277733
-667451996
915098760
1815269602
-890346748
1573662974
833401408
1535287205
-1549628884
-2107717150
484476027
-477775261
1836621959
1313264826
-298742396
-1586213098
-1093526036
-702910651
-288236210
-2087350015
-717452828
-2142912817
-2135239272
578632708
-1039147414
1441207715
1962890316
541948210
1028248306
1866693566
170631208
89782432
-945531988
-1859219771
1369766815
1778537599
1610983689
385609015
-1649081855
476516717
1431114621
-1421893402
-972344615
-419573753
73850758
738606243
943804309
272532418
935278061
1820631352
-2087358612
351060731
-2133119924
-1848992358
349629820
1260225611
726915535
956489311
1202820402
1833622816
971469886
-813834131
-1890275090
-1211329143
1729149242
-563291405
-399909147
-1859803824
315959238
286053533
-785788855
1141108301
-746664439
1800493059
-476359000
1372637177
2130620241
874609505
-1779735663
1535520833
-1291778469
674312077
-2146247044
-1520061028
1653401553
2091649573
1877570795
1047227999
-979564269
1518731015
1231052
-685207217
968339258
-812008186
388342049
710312823
2120747609
-1325162023
2088960226
1831628604
232489221
-1113360042
2001553441
-879839058
-1257656297
396262368
-2142387345
1305535264
-1745476945
996032542
1670991230
1345829882
1510409852
958436333
-1733630201
-1460478259
-1872994245
-1627950953
297101549
-987634009
415728765
592936516
-1420053342
166387880
-1816471380
1598479024
-1089403190
418173909
2122719311
1512380190
173625373
-1062047189
900979340
455123340
775665809
1064716023
832599022
620563751
-357060425
-2117405084
-777236375
-1559171583
-64015004
1959748181
16118170
161037312
448735636
-1245722508
1788460370
451637529
665381516
-1942868597
390670421
904844990
-1853980098
1918741010
1927498078
-874989932
-2030756880
-1934529528
1792350310
313418345
-1202217186
-2131131898
-1515725275
-355776667
1389204639
-1701002352
-1786210344
1457029246
491305479
643852974
855331653
1787206705
1596843853
1372795579
-1634089220
-1137604242
-1829492052
-1706356612
1626122974
-341712941
356466381
1115543411
-496790302
-476186851
-1582776539
1030643829
1801936406
3178971
-1010975076
921503098
834622436
263298915
-1829985169
-1501329741
-582895209
1140496650
1702458198
1183952098
1984716316
452705934
1330437864
-1881064219
-720745972
1030690263
-1881877698
2135756946
-1520973335
1993986527
-1133292841
-2004850486
-1469687641
-1766210323
-714944837
462474440
-1890177426
249250312
1204116706
210111162
554923934
27730347
-1962512171
-787927662
639727635
-1543512652
-804455787
1387035677
517873321
71301282
-2009722948
-1060383405
678219010
-1839520769
787383010
-1390019087
-1038133370
-12133861
759434562
-146492603
-1121943125
-85565702
959245980
-707619000
1653832310
-83796849
-1261492388
928729585
1838161216
-91517399
721334522
-555531321
2124151485
704065324
-1749264220
25839032
431779386
-290250492
469049371
-901483991
2134786853
-1668219817
-1789114150
1692623694
-166482222
-958496391
1144548732
-76950854
-1519279492
1405164580
-1013035682
758752825
1583462793
169438824
-1827000701
-799705635
-1248966639
-1138747680
-445449800
1860951894
1306676640
-2041829850
1430287608
-1342948729
-34648005
-1641613432
666910737
1175028565
-1733860447
-1766301445
1860925318
-987132735
639230162
-1150194097
1334387127
-607399624
-1765436972
-1909777500
-48772545
1864660009
-872720972
-1540242660
1445654429
1788692696
-839352117
414003665
108996373
685240945
1427144002
-884959223
1792154328
103379296
1253142487
1471989928
1136248418
1253093855
-2121800480
-2106426395
1384682787
1647243216
-977155696
324634944
-335394975
-1830681652
1068578168
1411206323
713015644
-1341264517
1746126928
-1720866009
-497145678
-773574875
-162816009
569862697
-1569197051
-263401847
-98358600
-866267427
-1792225062
1912475373
-58369585
-1933920206
-546864188
-1030932362
-1859651541
1892264023
1616848577
-772538183
1052649844
1798664557
1489201635
-743741295
1478841678
29849981
1222228530
-1808391374
526320351
-2102212181
755725008
-2029921666
-414291825
841243819
1975745630
354935959
2069410830
1172660340
-1669595490
1561018037
-1200402790
-931963084
-490534823
878371128
1511760258
448627587
-1828236925
-421740288
-1419239707
-1292538918
1684831132
2111246844
958042815
-1965735610
1828222040
-885874943
966262821
128189784
1046601345
-1983231268
321556175
-849589409
1809949980
2131300009
-331985705
602460377
954735818
439945574
1011992768
1286449445
-1548200079
-654609214
-457193543
1187770493
1509068315
394957627
-354968543
620313124
-2109684451
-1813779609
-876748723
