5011
5011
-811389477
602345083
235562129
-827876983
480970904
1965756043
712317063
1174275933
-1031015302
-2103662889
934866609
1750704912
1115319286
-1652298936
851989605
615453553
1396317270
1565967743
1862641274
-378464044
810220388
-245699962
-2045108198
-518605477
-35290014
448726695
-1605606692
1202001270
-313962436
-1497349220
237956114
-1731134292
627080448
1109363944
1898974046
-716981606
-1930585971
1165768323
119156363
-1412699076
1151402634
-882906692
-567503207
553815403
-204605030
1193409627
-513684967
1366367910
-2126067763
-1652124155
2147113147
399368980
-1637170599
-1084209180
-1246247899
-156271927
-739766135
834730630
60596741
1667849544
-513905164
548492805
1757694825
-86575032
170875890
1328810088
557165901
-923568454
-577014196
-741568951
851054197
1836610571
-1642864846
1511481783
117038717
-627171418
1319237233
41661277
1001316910
-1011116868
-1128869916
-1092808221
-1092857582
-1473353145
1809259819
-1464491116
1660074057
400342859
-558924133
-1738025408
-1899055458
974473054
1365798773
-1189041821
350152148
1774525291
47202649
-829294970
-1263631034
-1959570766
-932914436
-463578139
1205320110
-2081511406
-206688744
-1870221999
674854468
1704570762
-789210972
1556287319
1450861322
-1677303811
-9067195
1018175650
1050891366
-19270347
81846019
-1034234467
1915824112
-2097254871
819309631
2117855836
614931085
1891052418
-1010801436
1029574332
-693638212
1015181915
1728845789
-1502072632
623731247
860477256
496350150
-1351120546
-1143274083
570414489
-1570994459
244010769
-1679679018
-1914104096
-1683600805
-830590127
1102735127
1236545199
2038181014
-1672999479
1146338207
-1939157338
1523158793
-310093304
899355266
-965495124
-205755617
1528851299
1333091260
1720509819
1704104556
861829912
-1628380792
2031734114
-218218971
2021192886
1251911410
1872335174
-536895022
238780
1980406699
-1730834967
-273124031
-656495232
1818409244
-1801931922
1637460413
1281975890
-993370947
-876317924
144359040
-371095327
1289253798
664814945
-835884955
-490909476
-1231795355
-1517482982
1318551777
1251307996
1747852306
924177681
411594804
1730021248
-907173983
-1511276345
-983660837
1660675033
195185271
-135065230
-1646003640
1261821961
1803942207
1566811720
-946702124
148378406
1983653885
-631281922
870811892
-245820573
-1079703966
847602571
1564682154
-558914191
131923298
-1204769743
-1771218369
1980333602
1144420867
1585325501
-1703499986
804911696
1384452472
757390860
-1653429661
-788401924
1122914926
467707089
1254832293
-1413479495
-1025124444
-1863914346
-2032286129
1093341514
-1069584447
-1361430528
108791110
-2060538230
1587244641
993040214
-1425805786
1092340108
-1323402640
-498730429
1280485566
803068674
-945328709
-1298441765
639174590
-1811461662
-959768124
-783286565
1666157486
600696134
1309083093
653420596
1542660386
1429903507
219773527
1503303114
-1777136084
-748831267
1501457763
538426232
-1093942511
1451995786
-319413095
1578606679
-783187394
1136366132
-554459088
-1697763776
-320269444
-2074330156
-501341362
386397582
-841222558
-2037250788
-437097062
-453334744
207144971
2014429219
1480948238
131258046
-1241001975
-1443629241
1546901265
1798201169
1193732249
-601521330
-1322914876
-676891655
-1518389737
-1849106482
-1774010724
1368136418
1840931252
-953294385
1781535024
907706519
2042907493
-1808026450
-443030189
576362882
272721694
-1115471549
-1244086427
691132339
686897472
-1594989754
-1647887898
349567200
-749230513
-1688039186
-1581466037
-1634717524
998181351
821287130
-1147635948
1863463724
1599097072
1135565364
269799198
-575478874
354243344
1003658003
572854837
1308666779
214812513
-1850253023
1614021357
-2056012281
1877258339
-200150915
190151089
-1360344346
1553042228
-1231432478
-1626709732
323020538
-865202690
471046408
-631790713
-302797877
1538089391
-583790518
2112216546
-1900227601
-1600601361
1513887368
-135730233
225630091
1350614606
-1447695794
451649740
-659010279
-1106674755
296453429
-1047706856
37360235
1881918784
-331377015
-603743432
1220051438
-1062472480
-351730644
-569529037
-250070989
-412985883
-1473571399
976252635
-1199886933
1421968708
1730325995
2060980069
-1037358926
885550422
1675834944
1619895356
-651506738
-884574005
-1956372263
253382417
-1361918921
-1371342627
-1888869212
-277991114
-1305158502
-1028113721
-161114180
1119010860
2002188313
233177208
-1309570033
156585850
1978939798
-1585033084
1897239104
-2142248000
-1114449103
241881434
-114932017
214147851
1822521870
1052255164
1597967735
-1957071255
-1707681189
1918365803
-1223581993
51556544
-1841600623
1553046817
1215188052
729599707
-495717127
1279581379
1437736509
-640113467
-1470528911
-2009035050
276181039
-1594454950
-1138620049
31695411
1236135866
-242325222
-384133562
-1998786826
1561862468
502502720
246624680
1320827836
-1748971731
1769081874
1017208427
-951721460
345016115
-224172678
394669968
2125841941
-1832416744
-706775338
-825148800
-5925479
-687222398
1926606092
-395712105
872514089
-1836380127
-1147571232
658305766
480635538
-751300586
-583188855
-547096780
1321969559
-2052254829
1069352320
1903791430
1402990559
1553931198
-1246605925
923549024
-119404751
1800944090
-111604646
2017931531
2018520286
944066216
353238401
-1492149481
1783659901
-208282614
-1226555930
-230548509
98155485
-1428894486
1786331020
-1398037029
-1217710793
-1083484327
1460366063
588097089
-1977469789
-244491014
189333921
2067101232
-605111859
-64950879
-1986914795
-2144643106
-137337112
-190263242
-1212044102
-990018527
1109383649
1599354335
1782536779
-51377100
-495459112
-1282147490
-329518235
-2061331526
940923339
-608691017
1829839193
-582408446
-809804396
446578453
1885663299
-1289375349
546666005
-1062963987
3123803
1933826251
-1754282064
-1195270045
336827530
1364279084
-1338952195
1490491373
-1654955968
-142052522
1141529526
191197493
-110270844
-1757081677
847744502
-2029480380
-1043398580
-1053045201
65232546
-407009060
345280526
305763391
-1495641561
1362524196
1758466198
2113452837
-2095596443
-559412086
-916898534
1959532657
2120153322
-976941596
845653643
-1361868086
1964208739
1447806936
-1389868499
2019954414
-369808050
668651646
1425898857
-1684430602
739166708
2063144259
2108768993
-1567527458
-265473642
-627617264
-707830587
566171973
-603430170
386881194
1306374244
-120841360
-137883208
352829019
1233047301
1085045652
-1912205831
-672596526
-1007437832
-1381209516
236692959
49998663
-1959843865
157188232
-676956318
-2079316766
83757425
-1704417729
-201038614
-1726547619
1844304633
-1551243769
575512905
759019239
-1831658054
-401362837
-414251286
215123019
1767842334
1857377212
-1401541045
1994729553
-212482736
-1541362668
834926504
-1825348764
-1477905393
-503623785
1995537400
-1605451916
1892222661
469744380
-1036084964
-1015743971
-1445573929
-1318698421
-14643882
528641289
-1538175682
-1008350745
2004506103
-1124591470
-433276330
-333935665
-26229412
1082471594
-990058762
487681312
1333756954
-98669570
1865307840
984786910
1721725304
1789601113
-420621383
-2011247373
1641682717
-1946976442
-1514018021
564748918
2040734730
1677713913
1870586730
809280049
1711547081
1422216047
1950056388
796793949
723640038
688372180
75375741
1146372783
-1968296546
-1173465052
1581199595
1259020183
-253686314
-1252306669
634823293
-2089370170
-1915792562
810773553
-256355054
-363461647
-962309866
1742723401
1917023367
-1172240171
1487353664
-170471926
-1038158958
-694541446
1900812246
-2086807063
1357257677
774454202
-568604914
1262687301
1082493717
1182605060
-63108420
-1401386805
1524249109
526835037
-1659056889
2075100699
2697245
-2086702424
56247903
625455787
1763731512
1936212006
-201895250
262147052
444451708
83565119
-1692637747
51786666
-1669671773
1522986626
1690489657
-1729974344
1928405210
-473807383
-1886429946
2139553739
236229081
1055729505
106053139
-1620267610
1675461939
-726655350
1111565182
312654711
420392174
-1889637701
-1605187238
1503204480
1801936214
1543346760
-1502925153
42984442
1447846926
366286342
1552061537
74118709
-314655641
-965975793
-1176454075
-1510504445
1964553460
1355223234
-1977017809
-491444137
58677853
-1910914803
1619782976
-1407676376
343882611
-198997778
-1405389825
608801947
-1507272059
906736438
-1216106539
1540069216
-1569562639
408665999
-304714818
949098843
636051965
1403645889
-872121795
-520531065
253285863
-804723408
603479696
1513421335
338984506
1905595048
567661861
1850052061
-740529566
-725547427
-1230704820
1940316143
937450370
-1282551764
-1679378899
787524487
1729372805
-1142093785
651987195
-691246549
449006451
-1486997168
690661993
-1020148211
-1234982395
-1397640029
1779544413
-1542631756
302750586
2063011929
251777251
1200313306
-1423306325
-532818069
-16372892
662375064
1615575901
-466408108
-910842602
-1243848512
228187606
1309633051
1933175222
-454221175
896840626
1660088976
1121229173
-986687887
1414817014
-972959531
190173487
-2043350177
-566694811
713150751
-1938390558
1267684615
262307346
1647781566
1681673053
1623921298
1771127606
-344466086
1739836983
-1957618819
-1465614525
-1423009154
766093570
-761774400
1751020088
-343313574
-1680239423
-1011580877
504597559
10083012
-1836165994
1203494957
811648596
1425468288
-1960547137
-759334546
1097741487
-641494336
2123158723
1433540926
956310980
1804492525
-2129913625
-1264863787
-1196793087
949548711
-1287282969
-126130435
-1113692520
1634827274
-311819806
857457909
-1312384362
984113203
-1956988523
-1347956328
-831654604
-636392702
520388812
635752382
-959150483
195492640
1549086484
-580408094
1577503440
-971849149
390658485
981786885
173463447
-1655733840
-1546235938
-1786517295
-1489783817
655067905
-1069627870
1502461440
-1794346055
1890322728
-1883323101
-1101008386
2075256585
1984779699
620556172
1682198221
931328909
1830608465
-63605948
929505832
-1445139783
-567452012
1277999583
883201771
587886945
967733752
-1246221224
-2004369231
-1400845169
830259747
-77398531
2143043006
1994696598
-846178962
-1465896278
2027787039
1162651494
-1859993181
-111520711
2023597839
-1614192862
-188791032
-1429959880
-856818275
2006940143
-66381924
1549274845
-663905398
1629105679
1446268576
-1222369226
1461171063
-1767289555
-1713742760
289801380
1045266751
811566585
556460562
-960384119
1998059425
-1088771337
1830451815
256584512
-1339808734
1156125332
-414168640
-316956339
533163313
568091770
1037120283
-1695743531
1669795467
1588291620
1374526735
32076368
2087745505
-91641676
-105729267
-1828467844
-599363145
-793443836
1348431592
-318161260
1499540622
-374969606
2070034070
17537473
-597844411
-858484448
376181304
-1664688175
-2053451333
-1345578637
-1502429609
228337446
-1756754759
1196071546
-1052041616
-907611152
2109796367
-196697190
169464754
152142238
420148732
178283944
-1032848379
-266358895
-760614190
-690237249
-926524082
1873773842
-682918950
-1124189356
1063878897
1290371206
-399288204
-1984502137
1460503447
-1345706528
-243703421
-1449462853
1852349744
1238466646
-616860921
364027752
-1063279301
-4420778
-1161145334
438228271
-1757407420
1924642491
-1746749248
-1199869650
-2043192402
-1061619141
-948845847
-317472107
-923838286
-73192412
1802937466
21242745
-743141465
-1027895481
-594982789
-541279768
-2079700349
-451556300
-1482152398
-301550020
-1042965087
1026148775
-798121343
-1292983628
-1836039740
17438785
1055892364
-796157888
-1824486821
1994974586
-1617806690
-339448677
100924422
1980017110
-1673492403
-1347342945
1624131416
-403372458
-1207091493
1917353428
-589911074
-521960143
1517184735
783132233
1967785824
365113795
-1000453597
-1184009817
544740710
-514507835
-370825008
-1052433278
-1391025411
-1963451970
204577992
1827677938
1704835770
-1339957575
-1516646573
422458210
-1972630273
306034488
-668867332
-620945753
2022905980
1504690536
1380664253
1176407380
1394530041
-884886379
599431001
1890789963
-1482362287
1517161439
-2054768631
-147180905
2032387521
-936990674
1329387354
-1445107079
-1913016478
-1508958877
-67102891
-1445015616
-1019120140
-1594745137
1894313952
-981557923
2036909788
-1782792472
2032862819
1459975222
664932463
-775850439
1540250541
1778892090
-2044511120
-726653542
1681060889
1572116661
238489303
-942700639
1885625836
626257637
1396649172
634897752
-122373631
-29592116
-1121906670
949297711
-781374809
1573109831
-1015518657
-931859660
-1948529463
-1221088673
93174988
-1114745471
-1511678128
-619596066
-1783093007
1423661044
415562948
982135333
-474104845
-1234269147
-1492939975
-2034618820
-1053443159
633090708
21546600
2111351850
-1457211588
583890466
1468303387
1695581831
1765957677
-978883902
-1299238194
-1624116913
1943367580
2073478000
-405839213
291218168
-317580346
1672246113
-1492170698
-203097403
715907535
-1815695749
-123071840
949205084
269723585
88407303
299633280
-1665329002
-236487980
792549028
612779047
-1482986602
2007592431
116619390
1499532211
1746827292
271015022
1303571136
1973841775
-2096218085
-1017801435
-2143327930
1777372282
-1615005048
-2013613659
521577367
-1247968859
670979700
1420500413
1257867282
-758829919
-1662559396
1047991107
904040038
-789899942
104561343
1955991060
-1057901241
-1839649891
-1549752591
1669790808
-751949986
1605778176
2113766191
-473125110
-1098335360
1899313410
-1845362446
-186495305
394904610
-1024929424
1812725384
209442949
466084364
-862399222
1721678559
-1595742346
2062339661
724397670
-1732431196
-75477522
-1729605778
-1130479339
2112141964
44516210
759221738
1301403395
-1352242448
-4248910
779369436
-1816395741
-1414319969
758461384
-397196294
2144340043
-1122527505
1315921602
-865340479
-809113764
60923669
-1081171363
1261982962
1954533285
1992046774
1399208723
-686249412
-1227899256
934358973
1206543960
241713978
-709692578
-1342463122
1689849375
460790687
76771479
-228435269
-1870452573
1059174831
-1967264986
2104658390
1766183011
-2006712336
1060949019
1986583815
-1934731155
937092641
-1943066479
1981799615
-1577787169
-1259057813
-2067999799
460848876
19738538
986407894
-952701033
1763637646
767938969
530795262
-469328132
-186570103
-1360410735
1792603653
-1207845100
-1509349187
284771354
490762955
-1613247950
201249363
-1148044003
1584468572
281495881
-1483183015
2146031087
-1580784470
183400333
497395601
1338238349
-1357300869
-108004263
-1989828987
-295297751
1753884836
130998098
-1223286561
-424111387
-1212142729
854792909
853270519
-325208867
-2074279559
-1736806291
-467119956
-1750603669
723111512
-1404083184
-1967434122
720591269
195366683
1421508844
1571556283
-1253130454
1250954394
-331330316
1472543586
373691934
1736212785
266374784
1278697382
2085526130
1301439920
5359660
-1402258900
1585676136
-934209131
1897795327
1088248150
760687702
-129082756
-2026594608
-593748263
1637155241
1705557718
-1009397532
-91808884
-599004628
2015012825
-822781732
101176451
-453362550
2046156471
-813110323
-337033892
1909960977
1528779026
-285755984
611627992
-1063096392
1587912878
423706876
995076269
-652182941
-536577433
1001960593
-2063588967
500627300
-942544794
-1969517608
582570170
395124805
-374205553
1889086759
744783132
-1253517116
-499046339
483590761
738121875
416231966
-1704308175
1915942909
1839095499
127098512
27132871
-797932065
-1040379491
1302518042
-121045910
-1711626491
2139825827
-473578107
-1609514423
-327195893
-184681970
-671691609
141656906
305122833
1499126454
-1345980186
-1415278274
980001507
500826994
-479308038
1869999446
-413279397
2129614249
-828481802
-2128439594
-1243747581
1082894633
-177247864
415273224
451903486
-1350384329
822654335
2135741554
-228528601
-1406183706
1949221261
1124769610
815179898
-1708164948
-1798832562
-794633943
1248619698
1537842993
1617697928
321486335
1720386868
-718078102
933460916
-451263417
-969030357
124633574
1104182461
264041083
115417843
1443272551
-887833337
410326984
-1967778630
-1373732172
-1843364430
-477619195
108794724
-1851331667
1174059807
757062369
-1964120145
-1761390688
-2018199374
1660894812
1952163224
1034232538
-907803431
-1765700488
694057468
1988867967
-68535987
416570415
306785921
1675312541
834796439
182936999
1875019702
1784361087
1316815318
-1936940636
-836443784
467518783
135733183
1903586365
-2028950120
-141087074
-1828806684
224960210
-1185564486
-964376041
-1829606088
432854332
590436735
326208049
165335249
187257414
-1977750042
421933589
1548339184
213727068
-1471001873
-2094451105
-493078978
-310639742
-1462369663
-1621403848
495286360
1858964871
-369515636
-1912911964
-1989993843
-367596167
1230002290
-1687423464
1028569062
694421851
-2042984542
280906319
1304446310
-1865369323
384260742
1454926941
519261586
2093725099
162352799
-2145261309
90562610
-1539520590
-2013776659
79513413
1525693017
-1338316546
990725011
1271718714
1767926435
1553354144
63708603
1418338850
-1737132610
-800749553
664663479
1641239485
1355398954
1644444836
-1540215448
-1379543846
670349892
1332025419
-876996381
1195329325
-1742198912
-1568670089
-2108962992
-543559066
-1358077451
1736483414
2100164117
1470472830
2028699934
-1494679738
743281204
-1189111981
778523358
1319003270
-1891669007
1124161910
1354396100
839845936
406257848
-1675130812
1783561104
-1406577306
42303292
-833686221
1552002038
-1010996789
-1513985565
-1669881747
1193566113
1064597045
1961982816
815950498
-1216920710
286324384
-2012237407
651661338
-84986839
1399190885
-257187092
598819081
42209755
-1566388822
1036747076
2089216806
229248069
1853104412
-1431998447
-469038978
1959078633
-1873677093
-1797976065
-1997109372
35034520
-1453446730
1006855462
-361095059
-1172872905
-1045052520
346323818
-1193333830
690808005
977974337
1673555236
491179541
-253830500
830676280
-1863077887
-2096132767
-1837641226
221658367
-399717334
-1789484276
1283241139
1903065992
342614437
1150001062
1139828056
-1243919896
-1037393926
-664652873
1579465050
324323658
-916876263
-354995764
-466988131
-1568772827
1447686266
-1766122029
-905632970
-1414198095
-2069286010
-1467621976
-907834760
977803158
572936245
-1872994577
988967470
-658185754
497958135
-1721088476
-196555484
2098608973
-290976552
1111423727
-1157017620
413779335
-881396002
-855726660
-947822370
-839926255
1242230709
1647112843
871924832
1084305187
1454291341
-1495225084
-1990997658
-863781924
-959672765
-57898547
-1109067204
371293119
223397822
-428166880
-2114611837
-2057397923
1055140507
1021173399
-1877355656
-499275692
195933964
-265016758
1431845756
-876681609
619062269
-2031825125
-621376049
-690627506
-1668978568
600015439
-1585117793
1127485632
-1091242167
-1950797727
-1899153599
-1000422386
674730212
612053778
786042557
2054219267
27381639
1933006020
396538512
-297157783
1766642075
-106154744
121261740
2080106175
-1558272417
126542453
1644366787
-1017657304
1658478791
-696795717
-1719486780
1688692901
-379325279
231602679
291232933
-564042618
-478002694
699027016
-1495900573
-486831843
-1473514817
-1678332767
-1399930554
-77784651
907153062
1333400032
395558761
-33820734
-572167858
1233961759
-1448223623
2075060825
-16626011
-532509622
-33226052
619929825
1627394441
-1914579982
-1374393259
-1408594677
743989425
546805855
-48407355
1429151743
422872526
2076551659
206401205
1030911703
1269625581
-2008435059
30767602
366223952
1386856990
1341192884
-2055580232
1243461054
-1873212582
-1355437227
-1107756238
624431424
-753257311
-190812857
-1741960127
-833709259
1376493667
804875726
-1686699396
-160949010
2069519904
-1306922892
853445239
-1268500828
-766918318
971531807
-276312248
-2000183636
1776485002
-1055497888
1955478086
1924177897
-1516548392
-1663501304
221866772
-1225749631
-985601681
1497989633
1108372445
-1059188270
862339977
312833370
1999988192
-717244761
-1886638456
595738531
-618030545
434951334
1572506717
1803166842
-657349966
1538712589
642327085
-1407366811
1183727474
-1760298851
-2003799759
189458146
-1631701996
1646176981
1549056477
-1882982723
1614936482
789504099
-432304828
-670436448
-1947503
-393074729
1841205434
-1582203408
-1845051649
-1935565927
622090170
1366948310
121251643
1105100829
1739749386
939031195
-1043455350
2120094036
1486502941
213225272
-1211614168
2019570533
13866935
528663597
-832657268
2029255324
1049641686
918941329
-1276431120
826818210
1219174096
1992660074
111094544
-996823826
-824817224
316868158
-374657743
1702039163
118260742
-748421655
1681542756
-1254378309
1526778998
-1573464399
-1513100533
1111179723
512841264
-1539722601
-158595684
-1127137305
1626422568
-1002561297
399649701
-1477297121
-946955065
-1232594381
-687134961
1033066571
-1712263989
673211667
-1057357914
115902523
52807787
574601423
882970840
-1037242829
-1106213955
1486434505
-2126760004
-818935146
944976732
-1499470507
2141281622
-1470516512
-372372923
88915411
-190258919
1115816921
-2028195327
-1381576704
-2074892372
1511637767
-1841069815
1839325320
-1669541392
988996451
4109157
-1039410977
1312907330
-390061744
2053114261
2054899280
-551008771
1683876296
-1710984779
1086207573
45723970
1013317848
703438555
-1519778775
1121749755
2041748301
1830531779
1948380060
2101179164
294444975
-43688530
1161000229
1718795563
1385038446
2123864198
344264509
1556427010
-1376161445
64249158
952396010
616403923
-255212967
511312280
1585930649
1561541997
-1928242861
-2041374785
854303280
-23577155
1223358832
-1402406474
-1922157725
1266931350
1128641925
1121018521
443917639
1615089076
865792971
1718729284
-1935762396
-1559405827
2136242385
439940921
193189518
-1763133686
-778850892
-1074054458
548929718
-547189274
1600820620
807963495
-2009536259
1396955669
-1364580823
-1588965016
-1643583030
-479663145
1198585854
1086945742
1343528092
1726128301
467698013
-633773192
2136484450
1668615964
84824292
1065482880
647548170
24029872
-1951794377
84256230
-717466025
536814659
1428664302
663087983
-1961766921
333810303
919251409
273935818
-1820620588
-507416928
-840307134
1166551285
77341610
-1479863938
-209907718
-1446047522
925727449
-1804411702
-945428232
672036429
784428411
-391598953
-205029451
-855517696
496626105
-1852855012
503942043
-769001961
608618586
1449906360
321604792
-867273294
688737692
685908533
-1971344722
-1030343976
1057383239
393574224
1998049006
1143319194
-31596546
-1195554951
-406802907
-545212552
1693347799
-1452496170
-1999948555
-1965075966
958067246
874235277
-438432792
1568356290
1132421302
1076241218
-1165285727
1507236953
2023789520
-921385250
-1789750700
1180322023
-329025505
-97324398
492779383
-1632907856
-7763621
1985539099
-1226734919
1526901243
1056548454
-1293401785
-2018039501
-1647473091
-38169956
-1029091145
-313623587
-1452860297
1810741358
-1577968923
-257491390
-777270565
1148846386
1970970472
-986172297
1446562997
-1455958477
683887223
-1365058487
1010181513
1214422799
607532715
111150517
-938718601
-568503998
645154568
2078588572
847771111
-670505731
-1546953411
-353876554
-1745546911
-1475558596
-354209750
2112223431
82041276
-605060841
-226326877
-1588366831
1775870330
-1703969705
1780931187
278300937
1197528434
-915395253
-96163933
55454285
352462767
80363996
-1582896132
-1053017388
-370473832
798610911
-1614243127
2030959207
1403237968
-607691606
946538721
-1205626545
-1065756065
-365096983
-279407389
-699468465
-2039870063
-1694238798
1148391363
-879971884
-1768033762
346087382
-601773691
1715085162
-146672629
381341305
-953522615
-1719818638
1808297935
-895889436
-213950586
1958652177
1827020600
1034300313
-481798758
1365577835
-1183601
603805351
-1745529471
1659369745
-823088134
-1129105600
112162532
1236677303
1785137953
-1683255928
-624363946
-1157986518
275982100
1331729839
1126051801
417922176
254828652
1084831553
-1049805402
-933132656
-1789450832
1222792636
-658358483
-1400382556
-387171335
-1526458782
-508392358
-289972115
-855020073
-1956303024
-2046732007
-1003135177
-934820746
2071696336
-2048094948
1517485661
-885936388
-1274342934
-2012687397
1238608382
-609895371
975680832
763373788
-1392253712
1031326322
-1149566181
1475765300
993506548
-1942957651
-442997824
546016076
-177791445
1000319985
-1407300344
413919720
1024614857
2142732280
1562837551
-103139483
-1652624377
359182869
1483013355
1503677505
2046385502
1492352852
510940096
2123836384
-206079247
1880467167
749449618
1262446221
599380554
-1575041629
2068623995
-680585282
-1614681015
-1149482958
1369225695
-1045756772
-933303464
670570218
-1435724356
1125424833
-1603219229
1156800599
1428587334
1794043714
-1349114361
-308730411
-253794126
-1504137744
1744763784
-191205767
2036422738
1845102811
-1604619000
-876592078
1592963297
-230105065
1263227766
264101674
-1711378656
1072593346
-1038667068
-1066425487
1089963169
889582148
-1076662564
827970781
1377454050
-577049384
-946347052
-301718229
1900827036
1313097804
-747176609
134053993
-1383310499
-1087448060
898746759
1260764056
778629972
-1398243004
-531758440
1318128012
974002539
-864293715
1636713567
255023639
-186181221
762453000
-1105469292
-473954458
-1110231174
1347836994
-1183512940
-116623958
583073560
874916791
-1708576174
-636843782
846024460
1776712882
-15133041
-1470491273
-700420151
1412176948
764311113
-658592336
-468399051
-1023590156
1718854000
1673098056
-1873272964
1921943207
1094289631
744279510
-1095685088
1656609153
-260661879
-798348276
-1621012396
441587194
1312288499
1932014362
-482702454
1278107861
-274645791
1382154324
1014483274
-636191907
-1878003628
-387555054
-1722907323
948017137
1589653427
99099863
-1829888854
-437947709
238191175
-217125452
-1844289353
623620828
-1786530068
-2045107474
-1634451822
-460597405
-120585723
-1259476514
985436248
-1642842851
-237664592
-33797864
-355832970
-1012348873
882491194
561699279
-1906343880
-1535713725
1075345621
1408740215
-1046847841
-1435837312
406476424
921058732
1875883126
-750410146
129765222
-1712868270
1196480679
-1497143232
764337154
-836785668
364853194
-367146365
1691207457
1310278801
1414624766
2102382782
1072354737
-1361678292
2087213564
941746507
-1032701446
1675453508
-1675700888
409530630
535889427
1723258637
560053866
2018193236
-1653599850
2089911069
-707719555
1862962790
1288373910
-1192893615
-2022327674
-1862036545
1899416017
876562672
661944360
1619320051
566866466
1493020689
563545174
1360733360
353059640
-415893958
185253673
-299232254
1052270476
185358154
1296871667
-1268096046
440673680
-532720488
1093160083
1885999791
-1603474396
811035227
-164658422
1924379344
801116749
1901213515
711457870
-519170983
1180603944
1055259272
1431472478
-1684680739
704620316
316967867
237970326
411464996
1364043598
-1609354886
11603268
-895393235
311251033
1212086769
1786505082
-394492298
1044770622
-122979907
670814501
249796218
-1935873127
-1317792485
1706550110
1377465210
1082527254
-346671295
1834983167
-109589632
-267568606
1708989451
-523690119
-1296353888
-1005220124
-61992998
1109337829
1727155840
-1221254290
1816021433
1960531800
-1510696677
-770452945
1537852352
270151034
2142644161
1059506092
-403393091
-577007527
-2010295967
1728694383
28808720
-1029961094
461895434
1699897919
1557120213
-304086991
-114221649
-892830576
-1221769912
1913354034
753917994
1085471805
1031285093
838222695
2054487427
-1600229772
1496224719
257273091
423397233
267316977
-762940430
-804133930
1224570144
-1242710674
-412327829
-315698205
-365355468
2031498841
1789604774
211103535
-552017395
-1939004729
-1327608120
-293486373
384335692
1659409320
-1366645040
355360116
509599638
1016970300
1104740344
-223804278
953637783
47022021
-449971359
1526925183
-22168758
-1807767938
-1937581330
-783595104
1675064950
904392139
-265543825
-781980295
-1023215237
1137665969
585721090
-655031452
-30018994
-554705529
-924048971
-607974045
562293185
-2057950739
1077488240
1288268847
-406934265
-843334147
1386422801
-1830418032
-2147136649
-434715200
-858114344
-823864337
1981721744
-1465671708
1726992902
1317986089
1658389052
-1008624469
2138250688
-28688731
1299684185
1797797925
490046776
236252328
1875696244
-1642511456
-1156279539
-797551897
1681282263
1351070303
1863897586
1873299549
-208839227
-1850606197
-787508338
1475450975
-1853980157
1814713190
-2034253405
1664706284
-1411467366
917898694
-617079439
-1166277047
-574798373
-988746816
901222748
-1421930035
-1252152925
-1659327838
2039904460
313254393
1832188384
-2068899289
1302463060
-1965773365
-541421485
1440888805
1556680725
-635835053
1150548631
-1394909687
-703841692
-1242902138
1470134113
1291759943
-1399269206
1114957137
1474855944
-742458869
1695626380
-1249629199
-1984283064
-1220977420
142756683
-1793699711
1283694146
-1745901950
849985900
2000206548
1585958086
2133794317
372567195
1240636804
379394517
-635628552
-657713204
-1401335477
1928681313
1799462695
1347118498
134123921
600480854
1291599277
347927828
-213029307
-1108954147
-1378530102
230566989
711198447
328973534
-1755673580
1211387348
2139448070
656981447
-1335615501
-1999455251
-1222640770
401420428
394446673
-348680642
547015077
-260388114
-1322305390
42556852
-320606417
-154859778
1381882306
-1714722137
230247311
1973563364
983123981
-36994757
-1353411961
1338635996
1006199411
-354467830
-693520382
-1262889855
-1837904965
-203643649
570410273
933739086
-765585496
-938212220
899246739
1143986272
-20375702
-774910241
-1281104855
1945271168
-153093801
-1874802727
1123549608
-668776607
619524058
84120736
-1264424735
-1571073755
223499179
-388578322
-1176148737
1024712229
-689998528
-622414743
1421334303
1581763313
-1412853374
-997786291
-1863705563
-1172971883
1514610116
2122792263
-1923941427
136220190
-1865097488
-808750172
670299392
553383004
-1818984445
-324122710
254114664
702218728
693738426
641065542
-1311704506
1864968552
-2028917363
-846578202
-1027100542
-1799746543
712678876
-307883864
1285732867
-973280659
1357438312
1093252276
-846603711
1007803742
657802244
919188197
1912855575
-1375003806
209004171
1380504494
1422695133
-2119774697
-1801562092
1283971643
81397942
210910209
576064100
-248295978
1803208229
537873035
1659421092
1849292172
1208884966
-287204277
471945043
247261712
-1367441413
536399754
748685437
-892050978
1990507268
1403101442
1806871340
-1382900829
374057683
1298134761
12625695
1969261275
-1963913921
1714427950
-1956201031
-2040124741
1826203192
1913492482
-141021892
-177562798
-2359268
880975257
2076891958
699821290
-1465492152
854253617
362230331
138722740
-59134224
-1002369197
-359946541
1614155171
647800115
-838944936
2055149494
574745751
1734814825
-1878388178
1034714422
-384637250
1576528831
522576987
2123734012
1095390007
-727017210
-502028734
1431416566
-1684018953
847197639
1104706981
717765775
-1402257936
504334746
899271531
363301665
1612944495
2058448311
-561098334
1810458791
1313118917
-1153843763
-993184314
-1313850953
1775042857
-1464008174
-1298898109
2087814062
1920338397
-1679284581
-1389096392
1057121836
-1710131314
-966994963
694515325
1131263939
-798130688
1545747667
-1599153433
1371716074
-67856150
485782897
-287855414
-762931145
-130454242
659138457
-309118018
1063397069
-738387988
-192563108
967913894
-1068985326
1749061832
-2075512092
-997259538
770376101
-673709782
-849769343
779482899
-686278513
-855558475
-1839065599
121977191
1155984567
-1091791973
1500917315
578847254
1954300827
775561535
-214136306
-1764290717
740790845
-2090686181
1144825118
-1212692681
-5798310
387905507
-1135038336
231418076
-2080624927
1499311850
-2016964065
-1049356539
292329378
427444165
1324796317
218414609
698215494
-1737609683
-1461367193
-1553655152
1124423295
1709118505
-486163709
-943922171
-371389569
-1854151572
-1278781013
1670045677
475544749
-1790183685
-422910433
1185931520
-1151803498
-1851102190
1019287735
-124520778
1168474401
719442248
306073271
-286224116
-1194551289
553284849
-105913370
1983028359
-205124991
-963638333
844435809
890493561
-616899774
-508982085
-1041865300
-1724188286
-2124009049
2077779777
1035217417
161886809
-486395604
1402107786
-474658547
-576951092
1256608802
1108106557
965053039
2015179013
-165397090
621811801
-940885981
-1199052530
768292532
-39448491
-764837722
632764054
961137381
-1457198712
-857331045
-917151500
2145925077
882822347
1388211607
-637853844
273523776
-2132212388
470811704
-738573391
-307408338
434444548
-860304516
-20313941
-1034403738
-2071937412
-35617969
539167098
1916989216
1045714444
-469400475
305472697
-187286531
2115881077
-641826998
1749143558
-2023913157
-540020719
-1611622218
1485414338
-808213468
1473048632
-1604683995
-601618667
-1108140345
-2124144924
340399527
-1186687948
-1517940502
-216898409
-665030668
-622777114
742159422
831403643
2088983491
-1780412605
-1508929580
-6910261
-427875493
-264987970
-2136201521
-1508997262
-1715554967
-1783487130
2143575643
-865764623
1936883220
1368678760
348491485
518377349
-1043645106
-700770600
-880970645
1031983240
52391533
-1885915728
234713726
-731891177
306648313
-1414036456
-876486938
-975938828
-366542137
1887136999
1980663805
-1907363666
-1469977786
566604393
1422977567
-2086329858
-810100712
-253687454
929810521
-455525516
-1829121308
-1201348525
-1428743072
1682117203
-754132886
940103419
364548548
-1787678280
1913415895
1840884256
-1026031516
-2122762752
1027885402
-450193522
226400804
1224211051
1538673398
21659232
-1709785123
-1041728260
1631988378
2075410301
23179669
570137764
-1405428114
-2119818651
1191677423
595662239
-319363985
-595312083
1052857572
1822973980
-607230403
-1582938424
-32251469
-39955165
2012956211
-1435439481
778833942
-739918413
1377593784
113257442
-2084863819
-158912470
-1917922092
816765816
2042147039
-1852383255
1959029509
-1105897900
1826380151
1582646071
-920295085
-504863631
123816236
706327397
-616108638
1245074303
489369068
528771891
-615375033
-820496921
1993081242
1701283698
-1474507556
1204391437
-1423503875
2074930666
2091750231
-2055673388
732675068
1652113021
-2081234343
2072523366
-1341021688
1495937676
1559589315
-1692683212
-1893562920
-741273960
-1656488817
943924028
-1850325668
-55571924
484398300
-772268151
-422585621
-1370762758
1540040010
1877081600
50983102
-1475311548
1054405512
562485592
91535265
-711202947
747124778
1854812010
1340994790
-1112249553
-986734657
658083498
605518749
-1676696801
-397358814
863770613
-2019588861
-1232595794
-449243888
1986123916
1708235831
1032146561
-601400581
-1761329056
-1063382733
1851724388
-799566051
5847183
-474929415
-676415125
1741874639
-234971602
-2146275060
152057434
351494170
1442587976
-1588063199
-1006216634
2087759246
-963516377
-973021674
-120832132
-2101125294
-741726511
1984129315
-1575485792
33187964
-18285867
1590672975
2087784985
-822130782
-499317945
-891016412
-755037268
1341830577
-1300214520
-504545627
1121681511
1851059708
1411971914
66331008
-1589883201
1927930776
117273682
882752895
-1099324676
1002108902
-1791486336
-1716492220
-767205932
-320010640
-1379747444
2134705461
446677334
-1938105864
-892174319
602133172
-378566647
-34513202
-1280262833
1115444883
-1302214059
1124869730
1107686188
384507335
-166177248
1147015193
-725078916
-1587068070
1593007291
1268460387
-2059520127
-1994591578
1630378751
-1261033715
1235059893
70867135
-238002253
-1370168877
1021357510
457161009
-797502416
2093281337
282126561
-280061461
-1255134393
215100314
-1910707149
167197305
-532440478
1622056577
184288684
1220070009
-612024087
-247700938
59009797
-2125196473
643555814
-1937817188
-607648252
1313048826
1561039851
-821742278
725303550
-2031159660
-1419982029
-1722676074
1729992605
754006388
-525901306
-162801463
-19664925
842645519
-908377246
-1049957296
-308215954
-2110079009
-208233513
71926815
-651673347
1978685082
754169010
-665031173
1072447026
245107367
28761437
-1939914743
918630809
1892900557
2049378053
-1567361631
1010386152
-2009633491
912389757
-828439193
-1113591928
387366258
212283490
-1798945636
-831637164
-879113658
-1406991490
1374301105
293201312
154003975
175461745
-654946275
-155334020
-1612083526
398857614
553592687
-910567368
-1746923201
99842562
-1273993306
-280128213
-485852218
1770285883
990943424
1993871792
1221461889
1355530630
206810000
1704237169
964706715
-1253099270
-2118145580
81501927
-1445721240
525287316
-570174586
-530335200
1293543900
293274019
261340530
-250176573
-453945279
-1649518490
-518175480
-674604207
1018171940
21855986
1799974259
-1183871059
1369409680
581742937
-2147124759
-1203176226
511702654
1865423368
2106775877
-1547052526
868468875
-1112362639
-2072922414
117699557
1575832555
814281705
-2010954648
2086612707
-207365987
2019463634
-1929506371
552087115
1286925024
-1954775556
-1642068748
840704790
1569251301
-973668792
1932445818
-1695283402
1994017221
1025090190
1196474898
1213319458
-486928716
-983480896
1188423469
504769426
668583799
213024079
145293950
-313631353
1790513427
746396365
1763131086
-1252749682
384419270
258188243
-2046489844
632226628
-135638726
-301472732
-1635472472
-382898660
1599378424
1561067026
-768340704
-461598625
1410533914
-311845600
-1525896230
-1352374412
-1053480636
506932968
1269409076
409299553
-220780075
1577928254
-139115047
716020625
-1507807400
-2000909162
359704918
-1364823337
2040595520
-1104747102
-279101716
1911088050
-1937318700
-1760253633
-717666393
1282737106
-1331899032
-1224140911
1560125871
450827739
1272127437
78080876
-526617379
133954664
632427530
-1888735499
254121105
280189266
446208075
1603581577
1827580610
-1170350799
1969525785
1179182556
1906999381
1383762722
1599267531
-826694811
-1506019662
-1687292726
13072699
-550986247
-1681488235
-1834306917
461746877
-2131474250
-884516831
-1148019627
-756287155
-485674718
-1373681606
1414825424
809843975
-1729621101
-1918406893
-1853717513
-1686769957
-1689103920
1466891269
257490455
-764317056
-825970696
-27624798
1250889561
-281003096
371882914
-1278618358
420281485
1143868022
-271482555
1080797052
-1116880344
1933245228
-1768328230
2142877999
-1963131248
1348558121
-641750337
344174179
-483214186
820872465
-1408345634
-978696270
633528899
340004429
-1912297458
293520043
-2123479082
390479798
-805353544
-1050726496
975158029
1514899340
2143253949
123850943
1086288547
-1784528212
304644759
-1301359009
-154421734
687424258
1290422718
-1689711460
-1016218182
1379322171
240204620
-1141158363
363728600
794355135
-1445274653
-1540763565
1876678747
944141534
548921038
-1121739650
-949021828
1748445769
1683177062
830589580
-1964675892
2110545859
-1870137674
1122455754
-392808069
-1537500393
161826402
1850572030
-293995306
-880345268
838572484
1366715068
-5881327
-1420878569
-374700969
-1008727304
554094150
1703728784
-737514408
-936931108
1072262845
1232685608
-426586966
-1183426597
-763238547
232061146
-1480052487
-1869703418
-790641213
-241263711
-1077194718
245331358
-869786719
1566399529
-1311446830
-1637002007
-427727192
-1895209784
1283474541
2010407753
809510842
2077817775
1082164272
58248329
-892932422
-991453860
1752898713
903420794
2138365589
1896860243
1401168645
-13852482
-718672506
514292748
744444315
2042688227
966288789
-967150289
-596449944
2546611
1896835424
-1537416962
1753725643
682641097
400720157
-773589486
-1052488685
29754727
-1068600354
-579235767
1074165350
464878471
-822349545
-795150850
-1801836316
-1912370641
457494109
-1956496261
797532683
1767066377
-9904784
-419627093
161750876
-255561422
-1406427525
1286234387
-1037753537
-1617534126
2065978009
1009091075
1136833827
-686136596
-1482804581
-385815288
-1270300695
382751990
1333710344
-1513446748
1145827970
-1439760468
814012004
1024965952
1264305878
-1370369632
311548597
-955129759
-485256473
1926465045
-908740798
-1659902182
919144502
1438530190
-874857059
392594881
-258423451
-135345759
1423825124
188011237
1702354461
-1093501168
1875784259
29092734
1526431025
390297881
-16508484
-804247962
-654965501
1958300428
1316435754
803572488
1897615910
222868766
775440258
-668958890
-1512831932
1598457213
91417180
552526080
-1451101886
2114909860
1870676914
-1162019358
-17422687
1773412079
2111534566
1553801149
-1527046873
-1771354767
-1487587319
1961860905
1608254142
-1648742395
1056181337
-242961974
2130460315
-1981628765
1203952395
-1303353406
-1474260062
-2061735948
-425200309
1851559014
-532839160
118516519
477807744
-181707213
1085595962
218548997
-382817836
846811650
-1306093828
-109091261
1364054515
242963835
831994069
2010366230
-781778670
-996522809
-1007627606
355685388
-1279419598
495159177
1695085993
588608538
465267877
-630060786
748756584
895035377
-728238383
-1106116670
864344397
150765204
1839285555
-560646171
-1220851409
-1931855058
-1697739097
599053695
-1174932419
-311039456
1543841509
230211985
819002143
80458586
217875534
-1620298100
1778327130
412777963
724983272
-1217781754
38680056
-369870630
-1823726169
1956856235
-1171587225
1497980214
-215784722
-911517327
438658465
937557355
-1213288108
-243683057
-628316275
-871893545
1526294442
-1843604817
-868417372
1699418780
1989684029
1973966049
-670255145
-1954464073
-1351027880
-1969294893
-121587536
-1833824175
-2035203828
1921670591
-1487988041
20858453
1871810354
446009508
2092448534
1636371266
-1708048720
1981118264
639978623
108138817
-1961458948
1899446044
-1450868403
-2025006215
-2133716258
30061137
1087452137
1710409890
2006884729
9590250
1118613871
1699918552
1032872843
1172979715
245009040
-1715849039
-270457613
-1406019343
1267175097
-1958607983
-1750486413
-663487558
-411511435
-813195460
-1440638025
1905011143
-1060734449
259307180
1787466134
650036695
718531963
1501350436
-1837308778
732269111
870384245
364360324
-56694859
-1347375569
-1382213654
-1328511521
506018662
378564287
551028119
-1306152630
-248101671
199356043
-1941786896
435182582
486233471
-491413229
-1058316222
-1827248255
-34715955
1748284710
1799379483
-894721656
113413695
2064528024
254095081
-2107901312
1750404511
1588313906
122541792
742512070
575546246
481902314
-1378050527
-615987469
1958068259
143246163
1416515864
1953386613
204309051
26705494
1586645797
-2009630886
1530994800
-1140610014
1365396349
1506492527
327000773
-1428772768
-943180718
-141596023
218378337
655336107
591271986
421919266
-1688898158
-879319489
1454848428
-1115723225
241100308
1612376303
52879672
1520342543
799235987
-283994788
621030744
1156100399
-252907409
347112547
108544250
-961749172
1150142142
955750871
-321489888
120865393
-2095936618
895137904
-808162622
1147441667
-1482117493
164856066
1072838130
1074564882
-1616943754
1565085937
-975117503
-342693391
-2104335240
-456838173
1756896865
-147493625
-1539730882
-1148797768
-2102277877
-1366327065
1858681989
-1361512010
-1775456990
-2013504097
-108883744
1925576712
-853168872
-1596293811
-2100535879
1136298601
912856721
-2097470474
-1003987051
1007896348
-1816921275
-1998450534
1893310107
1722216735
-1390955478
-467227773
-900423594
-1745764193
242217681
478758365
-941985351
1237860014
-438434544
476331659
-718549661
11511858
1682058976
-515235785
659677733
1097141281
-1663680887
1528761515
1515093440
1610324202
-308625668
705497439
-1084383246
-1148334794
-1720030081
-644349614
93239731
-2130411568
1964887951
370118684
-971236164
1077015264
-2103238143
-1494619580
-817143992
1471047263
-1525882263
-982223154
-1542866915
281468358
1685830080
-1728319976
-1474062643
-1129968376
644781888
827789798
2032598073
-102063934
2072913554
-1814277445
1727289174
-1386392143
-717814741
914093674
1157229107
212636516
1514689523
1312658411
-1840121030
909803058
-755851737
1794701426
1807505077
1080407149
144512639
386910653
-756030316
-326882601
800436626
1215199661
-1958128019
1900731476
1336061049
-445620456
1487417795
1154760929
1465019059
229378013
-1835287926
-886915132
-45035960
694818872
1075151338
572231941
1863806512
2077903702
-688939709
1925825052
-1899999500
1765763372
317770097
-1333767701
1452867989
1015301507
1910046288
745379822
1502497965
-1271325609
-777701758
-22975824
205964244
1327095650
-1948160145
-810894976
-12259003
1496533234
-1865669236
-821523100
-858786368
1439025155
1467928800
-1779063474
-1343503695
476223881
-1719458364
-892001907
1654149777
-89087220
1752505834
-1292242298
-2094955637
1561059962
667815327
-1779827037
-1061193629
-267679944
-1007335084
836318090
-111041645
958924921
1450647386
1143469714
863822006
1048300755
2114660844
-982275982
-1990770647
-1037158641
-2078327438
1451175995
634546415
-1363006400
-114526460
354730375
-144722731
-1015126250
-2123354324
-1243524622
-1160287530
481766515
-453323537
312308169
396278720
1881552191
614659342
425622529
1058956567
1794564472
-376770167
281432426
-2059002312
-1963325300
1925983588
-470346972
-990432319
-1613366550
-2067615571
-1496084399
-873269968
1094486230
1805682876
-840148212
344971465
1836720764
-6264644
-436946792
2051176893
-45193912
-1465692566
-1667637028
2000016520
137341556
-1988284644
189415695
-1761581670
-333419806
1827729669
-1021200977
-885387719
-1219064789
2006725815
-1559564361
-57613403
-849220873
1998041832
91584784
-1137095556
-25119090
1603875448
84085831
813174880
-341478993
-491758926
512111487
-238338602
-1784959840
1132979666
769090217
1730218609
-956969850
-1414989882
-106626829
-2066083537
-1472236554
1322687800
1001788798
-2042195166
295002315
-244074804
1180601171
304389714
-42151111
-1287269210
1079984278
580861665
467784226
-326384082
224089340
1319968368
-1161502552
226943511
-1381012614
-1481689663
-1315571454
-1526576484
1947128638
420902045
1841553555
1498657292
1561709538
316769272
-1209784008
-586849399
205478111
-1590557102
-364284959
-451832821
362829887
-313853345
-1859991454
1318272939
-474951530
1698702313
1385698955
-447670498
2139597362
2042142453
1745171573
1338720638
125585297
1923416357
1370877470
1086125648
-1486573293
1592503644
161151544
764359618
1440630768
-1911276121
681109565
-313912012
-1904593813
1881483098
-493921337
275156473
1216742215
-1519059591
-1337448163
-1078293410
-927193478
-1738345126
157493008
198559978
-659600096
872452488
-598947320
-557464089
-729889102
1458607849
-56959911
211534625
-1114544777
257798178
-1710495781
595044845
-1426615239
-1372757191
-518314824
-1232652948
216830780
1790590332
585367943
-1869030640
66719851
-542484063
-1708287846
-422168737
-1262448940
-1155161042
-131619181
-1288568073
-358985386
-754875878
166188605
2085737425
1551219865
-1901216332
-917539432
779890377
-1952488387
-1895244348
636414005
983018845
-83675307
1442859759
1979542212
-305120331
-1712357354
-1086134433
1372650475
440644322
-690246965
-1768751966
917208664
2003260266
1080035340
-642866221
-1653643239
468444164
-1280639442
-107738121
-1205890262
-1560381281
1536384509
458834600
456328015
-1071635032
-1456550232
841310967
-1627474652
-2018565236
-1580301060
1012092558
2131020401
-1696586116
2108930517
-1012640491
2048501699
-863048081
1911591888
1844145623
-1673210057
356078445
1711372357
1191176100
-1555250024
-1477946871
1039529844
-263146760
641312428
1409211438
-1145059331
-329274788
-267572789
-1054969314
-391019115
1325301004
1269936048
1724762040
-1835129098
-1667424295
1543321747
-645006855
-106602729
496232528
1674660214
1456412868
331898269
1280423452
153248703
-1728247579
1025876625
-520565080
-414785018
1760166483
779213138
-931442936
177622576
443297461
1110372044
-1426958311
1583318204
-346543065
2072106729
-2097587994
1875720540
-564496323
714782023
-796320947
-1045057337
852363079
699030828
-1419479326
-271858739
-1748071466
1838898358
232967698
141852587
-5688705
1718880086
788707723
1692792736
-508111394
2141860735
1550943707
1147739072
1607921373
565145
282748759
48343303
1249035574
-833539525
-1164277699
-1185118544
1181000757
-356087398
-383429348
-761912121
1268193218
561679931
641117043
-764432387
2112648606
-320406288
1101450904
-2023543109
-1270925587
1060117505
361645787
-1250698376
1330636275
-239005784
-223998229
874074191
-998398942
-1577811518
-860703881
2037995467
846367828
1836290244
-1701885672
-1104316667
-1195543212
757086699
123165805
-1290894095
585554082
-922766665
-931315577
793895668
-869867145
233596313
-1853071480
501820088
-1094785018
102663658
2016244102
785278276
-916923132
1662349087
-1812152908
-1460396218
703818090
-1453636805
203475395
-47059277
420071033
-666927996
-1970136187
251346321
-854420994
-2143525255
149614804
1178037779
-564059433
495366658
379589041
1936698342
1781080501
142973161
1928470703
-34079031
421292578
115688585
536415633
805204579
-1357416507
349989828
-702443982
1204053840
-170859547
710499385
42910117
485712252
1623504683
-900078922
-1387241060
373286836
1826395051
116705003
-662690291
597837945
1994521381
970116705
358563602
-845785064
282604935
440433321
1253509392
-682591241
70228918
-1495206184
1984847643
-1310222544
1973176973
-862066638
-1267257447
643345507
-1820949979
100079140
315504421
1430407367
-383044266
-930079369
-796850763
-226292606
-1247310466
1510580931
1024242174
-1983388613
1343383168
605468705
-1733697770
-2067019796
-640481521
1637247524
1170274395
-1781263620
-686515924
-1098602488
2064369555
1578224012
736765676
1913977644
414697812
-1992204528
-735109249
1484571069
-1976638554
-613952990
595372141
2014961844
-530423066
-1675284078
-1588838623
922624257
-674340628
-2113806655
-1612419413
-776557560
-131466640
1889345838
1932828097
-1783997620
-1139083607
-1946624175
-342804218
534826857
-343292618
-360214361
798080398
-944799161
1704785473
2086583566
-999921759
988366988
1043435745
289512786
219384255
-1442843054
-1340609600
375173383
-1822634012
760159002
1068690429
415522200
1493889805
-188610305
-351154605
274066080
1373282554
2004261678
997908090
1086025592
369859636
220295061
-354434867
1095271952
930306129
-435189798
-333827540
-1318136062
1197905526
871138702
2035966499
-739847452
788645404
-197921374
924732235
-543544099
-1517277673
1353146137
-40129040
1076030074
1045307860
160041214
-587427596
1233853634
667076322
603892632
-60265230
1764136583
2142383795
-470646563
-153983579
-1860094978
1198573730
1606707235
-450415221
1123125138
158167095
596513053
-772034619
260636660
576166826
-35626492
2038889537
-803742858
580611749
1059294484
-138284518
13401241
-1471826610
853444921
3617854
492499940
1912474500
506520074
-173673391
1318245110
-773475224
-2080042250
1565753296
504798430
1728964126
892395964
-922354823
-760649814
1981844948
-602117088
493154538
-239303875
-100478974
1205853403
-1490906488
-1557120666
-1276589837
-179110958
2048580002
668465965
63328645
-460780149
952361685
-1685876881
243321900
300332508
1646079153
223614636
-620609988
1118228964
1191287964
-566429665
1250834791
-931234497
-1751486986
-352449522
-1749198461
1851766389
1156542333
2112198499
-762553712
-1671604558
192099059
1652419708
1530399481
-1851109188
405803774
-751581890
-378560998
886663968
-1255853234
-1002460560
1039868674
-1155405393
11591428
1223556165
982262649
1254152744
1238886738
1309044794
306884420
-1177159626
-2045774754
-1899161566
1712412583
-845783908
1596768875
-1088141698
-43065558
-2069992530
-546376390
905438226
28090784
1439676162
-1196105810
-1802499404
109377636
717145703
1622429102
-1292764826
623189733
-1266680810
-1188141490
-1940671065
499800933
2061633575
377293872
-1575490043
50491389
1410834246
854286376
-989007369
-879519772
1689872550
-532592098
-184364311
1032885488
690247477
486812728
-344325481
-1436446373
-1731730928
107815992
1617756830
-1596794422
624611384
87523106
1833761103
197571467
287607686
-2140126431
-76398650
-1439182050
2037657308
1889137578
-1782629061
-1408354570
-46283875
-586812447
-2109398121
-819959168
2032755294
-1082709188
-845192886
618100068
31927005
87543910
397663323
-1014236406
-1730787535
-1828290971
-170702145
-485011873
-566464957
-522389506
-1307165713
444300760
-665937540
634731863
-125261900
-1053713482
1294131647
966252510
-1719724476
2044577420
-491866215
-2113372055
982365586
169653758
1785981623
395608990
2118840290
1142345674
1370633368
47745173
-1953736805
-1765734132
-98944382
965320123
-1201275808
158603197
-849724742
417837049
-1860076191
-351881092
-1364469522
935186452
820210925
1277168785
873315830
-615060906
1846204747
-1270655954
-196411717
1477694574
1354763978
560367862
-1835172233
-1984309868
-1813715177
-822502205
-740835298
392105200
283785678
56385700
1993726747
-984851908
1127432786
102586404
968656703
-226317145
-253161759
-1237582639
310932470
-234103812
984435938
307049980
1256152763
136146947
717031041
2097744060
-1204314931
-493487577
2080974205
-72039367
2038565922
-1044126376
-204222656
-112382426
1976410012
-1410408397
-641798609
-444042353
-1155859846
-771013281
-64390077
-100671020
-183906544
1083254329
914252504
1984801780
-1754204998
2061949874
-1510931515
770392079
1418553614
1013531000
-61816916
-2074021595
-930893744
1041891155
-1587671662
639629603
1605519658
496927953
1453389745
1785468704
-905238628
-809460954
-1318448756
1430932963
1721068337
4960588
665074500
1807648424
110609523
1630553714
1605289514
-1057350621
-83935840
-712436077
-2032349548
-591818299
1201494684
548662628
1320148724
-365954243
34849834
-127253646
-743362522
1472387137
-1393364394
417597835
-1423041784
180447373
-571176395
-170834339
206671695
594459691
-1215208751
1889364573
-161635432
627442677
-306289315
1446608362
644190909
315942488
-493175632
1792576945
68794986
-1904223142
1166870512
987494738
-1673761041
-1790911779
-587955059
1810073667
-1854949290
-2081371100
1265525617
-1446024971
1048136888
1588632982
-1258373771
-1212121548
1226529740
579790274
-646980842
1996857043
-1619656768
248735395
791790440
-1817531513
1691248460
-2012614620
-1607514550
-766992621
450235651
-2139461914
262993370
-217842523
1532858347
945025855
-929447125
-1533460352
-1862008496
-139617146
1442853429
-567462182
892124116
-304163699
1052924173
294739206
1804801995
953595758
1236934229
1342877909
829722821
-733936758
-1560646923
-1549036998
1690251371
-1347154482
-1115340022
1563925292
1614500494
-854378952
-1718224354
-460156464
-645589380
822452377
501085850
371841238
-1239740010
-954649188
352696440
1692008994
588060447
-1910099962
-1213524164
-1144494161
-399562410
1611119167
1093724964
-2134708560
-1855854651
637689872
574854557
-1942595337
264441563
24729773
-365355783
-2115123046
648928440
-618664714
-542453921
-1546364461
-1365479608
1776582137
-1810783998
404485928
527986579
1520889787
353221013
750439371
771399250
446987319
-74128130
-2057111485
-1449257532
1822372519
-1261774007
1563323723
1537561794
1952950017
1694602207
1148391673
-386111727
433296836
-1836115977
-1814982110
-1180385545
1670676467
-284587957
1641254396
-1911778288
-804420767
-1588508145
915663877
-1367549087
1584919343
484216606
993432612
-806998867
1369076883
171355510
-677190899
-989452025
525247450
-321324570
-632913687
-1872480600
692946351
-492168699
-1982038475
876455426
-193247075
483131750
-1433478423
-832138220
-1871766830
120589833
1015471069
-660201984
-1183049691
-1343490029
-597503384
1332328922
810325081
130123969
1817066058
-1575696190
-1955510877
1710640282
1625510347
-1762740684
-312863895
565687524
1976274979
973289630
340168012
-1776591784
226926108
-680687822
-166179224
-91069672
1544926453
1338022141
-674115366
-878570016
532907913
-2050244296
-1540328062
774067324
-467723855
-1994638114
1182319625
-1787991175
197274085
-1651407490
1517823781
-907520737
2078413097
-1889305263
2033166619
885888414
993279270
1901512847
1859089541
2124293766
-2103596906
298641405
1659051349
994518396
599193061
404941002
1527445017
-1470744022
765792277
-542458468
-207686273
-1304828041
-429885983
632853732
-463736804
1285110776
1938002725
1845411961
570698344
445748645
2086325372
1627914852
-1528264947
-715100977
494346538
893997817
266327392
1844075089
1320060732
-1723763674
1736836143
-1628451579
1568892398
1437459983
-2030748483
1305682554
-107031988
-1891495719
298265098
1708857059
228553243
-658065467
-615714730
-1189625775
-432461576
643107201
1825609960
1103071524
180351937
-1178476102
