5754
5754
-660933109
-230892097
1459263029
-1266479115
-106609831
545030522
-188743978
-1784563809
-1064434117
-1114128676
2125235478
1474960738
568128175
-1527453943
-93690446
-2034600519
-2011572148
-1062480775
987439448
-1411938106
-2114528382
-475831062
1059430799
935804770
1913552678
-1749541225
361187287
362704246
-1095089618
-1232374614
-704361713
-1406112376
-577841736
698244846
1140197142
644112792
1398222672
1230059720
1144791733
-1805832915
-1623721102
-577889433
1925164988
1012825258
171521101
226633530
-79320726
1177185765
-2079596342
-1726123870
1367373073
-1556566535
1589526475
2119730153
1093028090
-1696522149
-1385110601
-658918287
-87253627
-257858773
-633109962
-92034256
-1951986539
88458444
1306033209
-946214821
-2025176278
1060339382
-1690672580
-2118177695
1769597262
731597194
-304154417
-140706790
1427285045
926457446
-1724415663
1396880448
-1299212641
850606458
-906605825
1019076637
-826473599
-1979862565
-449982420
1096075142
-551553309
-1335543145
149808081
990341127
-944432885
-1582046968
424129352
227167583
321327067
-318251923
-2081841068
1764883758
-708898185
-854080842
1745893220
1216145900
-1571253462
-1262176610
-1734752744
-1521147619
1774920586
458810111
1054758404
-16635710
-1899235623
2061621089
113643443
-61423598
-864377170
1912314323
1001671150
-164792470
-891085356
-94731778
712886589
-268283007
-1929851535
598684022
1258615725
1453780959
-718434198
-798933677
-58786605
1525798031
1661526278
1951554816
504450577
1864430355
-1689631535
-962252206
581349143
213024407
-9694526
60817115
-825232724
-1527344279
1862924191
-1535845760
41692078
1540317609
-939467616
222183241
1922084439
-1052979396
1062474834
1729625720
942236097
917226758
121500094
-903220516
-1865538133
-2016371881
881864138
-1292172186
208818301
-1353229915
-1461010722
79188220
-270562935
-315900548
1184237257
679841421
-2072149101
-1715061582
943160038
497613413
-310617197
1326085854
1617308282
146172353
1853857720
-1760114167
1972815712
1442992038
-1522253136
-886309210
741151975
1054788590
1587281702
-741392705
-2063933189
783423394
2075979660
783797361
-1336743038
1981211279
-410231271
-767743078
1733845000
338458131
1081610517
1159888
2090452381
1514516791
2061604692
-715081836
747669757
1501770242
-28092161
-735655482
1150059761
-2049556468
1156542618
-468864420
220540149
-1146139568
-1123774399
2004691278
1790983707
-428598714
146110260
-416516396
1700272687
1124525617
-345785450
1922069459
782905626
-1805050699
2018962545
423927188
1570249867
1578727340
-433762307
407187638
-452177453
829854777
-957103583
-658800794
-430076400
2121029148
318142266
-1669531956
-516267891
-448549817
955557658
-244283448
-1881639063
1423018674
1412260946
-1474992419
2075759222
-155505301
1209803700
-1650370707
-1340981150
139655408
763344915
2128344614
-251868644
-755856448
-1997617588
-784353604
1013248112
1743508783
-831457910
322996440
-1455464460
192169338
-549167164
-568108977
-1251344601
613051162
1533740682
1389419671
-658474282
1996984668
-1206628351
583101302
-2034060095
-1777060815
984797228
-1916353797
1306589310
693067074
-288431508
1079246514
1180441246
1801862727
-559229111
456338450
-1327110643
1725602969
-1126843790
1218130490
1360034750
-359931387
-2095713022
1116733660
1868662919
343926498
-1847242748
1856125561
1556641097
329632101
-1756619975
46321102
193262931
1646159411
-58622952
154284685
-1166174457
238765623
462629141
-2049295024
-1914946882
-1709304395
-642312922
551337674
750818281
-974128993
202231682
-267361729
1714886776
273240103
-607872085
1455980341
1772421758
-2133342827
267552175
-1076112789
515917845
601468505
394000041
-1398189558
-1724600962
-2031936157
133991822
605655322
-494578291
701642162
-1334886363
-1718720969
1674343491
-1491234261
-1018623913
-2070296188
-17758276
-570370389
-331701848
-495968802
1845803851
-2068267425
370285317
-124167852
905599203
-1438565550
-310558529
-525877033
1913089208
454916935
-906353961
-1913509075
-318111963
-1394940472
391330684
1002110763
-2139780912
-713201793
1675164113
319578403
47744267
-401301821
-1570589454
-1624947814
1430144637
-341918347
-2026026184
-1931849922
1556541953
1851208717
1020129724
-1610033642
386515917
1927051759
-736888806
-1586936325
175375062
-1350990077
-1499691914
-638464442
1243170419
-1214983548
1999080388
114371786
881848896
1158671126
476940867
1158993412
968821828
8387614
1248444489
1972169873
-365899434
-1126640562
176486214
-340542497
-1647334469
-760659586
1312363266
-1266308569
1177120788
-375335486
-226102487
1871828378
-877722506
704932280
2031380745
341496026
1411700186
876081185
-1502853735
1134703275
1423622071
-539398478
1466876860
380693738
-1819784723
1062350892
-74001721
425303741
-1894489883
-1518304342
-1181416128
227628555
-195171339
-227697351
-520804376
-1001491410
613213704
-1893176403
-1177041668
908372455
-1328948099
-1458079822
1403656118
-1039122798
1957951568
664870945
-1184156646
827463322
1942746487
-718616684
95774446
-1486803666
1082961038
1801766716
-1901129207
-1005750988
-732949835
-605930767
-1435072304
-281324162
-676736072
-698811766
64008445
2019439675
1238297201
1456952430
-988124254
189515183
-1120674966
-452829845
-252114323
258544166
1711371718
726198725
-2058988243
550332197
-2036711840
119833490
-1317477483
-1274632221
1298721076
457372228
-1231958210
-1880248073
-2016246530
117974919
1873084914
-2068790447
514669856
-1920883379
128033831
1059400302
-1152985656
1440854310
-950767672
1523618247
924075601
1244260564
-168432837
-1490174582
903222762
-2095969250
-1959604065
-1397253492
143875701
-743370780
2075993429
-947857027
1636276656
1631309427
223921602
114133340
-2076336998
-728897254
893282642
2122802477
735339791
23506685
668754623
-541275927
-233792075
-745726680
330080402
1004896694
1319631899
-1179956249
1716236777
2057825624
1835130142
31645012
-613100677
-1500767002
-579157105
-501137104
490948825
565309120
594451730
2136203766
-1671854602
-1686481984
1244131656
-804679891
-242029335
1113797551
-539992272
-502286083
166536176
-581393158
660671690
-596684539
1285703608
-592090204
1758981373
689333355
457014747
-396889218
148963257
-256326860
-2146980951
1154496918
-1408176032
-2126296875
-1597876950
-1593943828
62961249
685939209
-427628445
1858121323
-1049617370
1851223012
-1881081640
-3422185
2072989744
-1738561497
617492306
-625634430
1508762751
-90373418
-1684606494
1860206468
454025270
601281800
-923334619
-1081440982
1150273407
-1996599043
1377681352
1242516462
297713068
-1355193483
-349088434
1085005096
1394746782
-961948097
1603904784
-721052988
-243243926
-1796503537
525756549
1402826037
237283896
43896212
-970619965
108223657
-769923729
2012827594
-92133563
2024671614
1437287438
-491455604
-741488146
-1168328716
-1302141092
143775340
-1400881330
-1851661533
1127591364
118410438
1598844451
956271406
1764308729
1061342483
-1325700319
-262294856
1589610081
-1376992134
1553464309
-2097758314
-630331473
-391229268
1755367047
786215622
2139814354
-748733712
714584191
2122673056
-1890057203
414519420
2125017867
-2131006901
2137520486
-1722061817
328115934
-181156495
1105776196
1095681179
1534774395
-136231114
1031406675
-32189009
1511003314
1277683045
1736806571
915076212
-1990955669
-1642919700
1270775856
129230447
-728852830
82073738
1203437115
1584663879
-600489039
1786247878
148218233
-1782318112
-1982296875
1599505186
-1227087085
-1462843224
1651668202
-941883760
-707795953
-101535441
-116160647
-379661531
509535477
-1343233283
-1616063756
-709335284
-1912466507
1392147871
-1207385281
1664926396
387453895
-1860034045
1478008946
-1773297043
1696720020
1708303109
-623594019
596159175
2075724308
-1604932791
1044997452
-178801443
-701686857
1518234698
676047499
279274841
-2077172343
404335283
703845164
-236485897
1541228432
1393933293
1990553223
1490272310
752033656
1275414776
441956865
1026223181
1101662321
1289808510
-1404957295
1297203036
-429511336
-1322454491
725879936
1328395747
-90445548
480376100
-929456529
674213751
1316688194
1161489433
-806947682
1239237810
292669204
-1603994600
162078570
264570987
2041639542
2050637063
450623511
31008806
-203764878
1920078120
-1167170865
1575952334
734402004
-767106570
-1758843670
735736993
-1866009839
-2110106059
2001013616
209955690
865627748
-1013033660
975470043
-54792714
1058617
-111514699
-1120495328
731976640
58179022
1388995871
1113456368
-2123562514
805168664
-1140052174
1771013435
1908840064
-2006235933
232806923
1814319605
-1822846266
-479888580
-1516123704
1732996891
1222523155
894239762
-1190236833
-1070458120
-1794076241
560515098
1524895403
673863844
916622097
819760115
166825927
1703642317
305359181
-1776968565
762194335
-1350503751
571095243
-1741988416
1148026819
1270273419
-185059271
1231527753
341876094
-451544636
-1029476926
-788210729
1761685543
918754060
1120459647
-2140223881
805671606
-1633770958
2047412013
-97269190
-372146535
-1295075471
952682784
-1835245546
-1488947768
1319900405
-220490120
-1580769522
-1998308841
-1191152228
810269329
-75978095
-287119926
-1877214208
602420159
196731679
390429038
1545866677
-360241349
-146604750
-1270811930
-715252017
-1050206121
2107302491
1242644932
-1487064666
-1039626503
-2025946966
-1247892263
1528893148
-1183041210
907996243
-1080328946
-173901409
-944073571
-793938035
-867106443
506979371
342047174
-239672131
-1674559334
1827825810
8579179
1740445395
1303112479
-53802561
1945226694
529589236
-618241145
-193691465
-809303397
1038347865
-1323831471
1529223714
2035905641
883206006
-1908513464
-252155894
440774107
-1720393378
451472665
-1665872927
-1957481852
-592604571
-897080282
1334123720
-731684404
-1301762298
80755609
-2113868274
-769714908
590626311
-280632389
-370525706
2103930241
1319111387
-1107027835
79918269
-1040088058
285841990
1217471351
495274970
-2122321405
-31439545
-428448088
-1688562297
942171166
-1529504207
-861289186
-2136132480
-1698517809
1712096282
1505016927
-449383414
19008017
2140899449
-667221177
-9068490
286298709
1599965962
927711772
-1575887258
-1689256774
408268789
1527101407
1287424528
669137019
-1936059346
-674766620
2113837505
721389481
-871701474
-609389916
-2135699355
541528345
1880209539
-2035466030
-1398227259
-518906465
-1442882156
379707307
-229058224
-190745477
-94607257
-889120878
-2041469411
-2007004397
1843609239
-1050772005
-712227024
1525251042
-14650335
-516012314
1499391227
-1992558416
-1272929394
679126384
-340017880
-1451185149
-60742569
-892384475
1804327317
1976286677
380322692
-196878728
-1588612193
-236949626
651682453
6781367
-1240447069
487523091
-1963745114
1557956441
1179606210
61694344
-1139150387
1708494746
1078854883
902771891
199215302
2081999689
-1393780483
301557785
831305426
-1758883872
483898774
-304593618
1424729563
949217493
1558838150
1673436863
-177565476
138932783
-186476288
220708786
903011967
2058864731
-1223893294
-807595790
492454407
-1186717377
-1099602453
-402937180
-798603665
-105848177
-670201570
-1004190562
-1940199469
1931233632
-1310312668
233519640
-462495985
-209160454
-961060633
1043960996
-804879451
-1716488463
-747010051
2138264155
666920932
-1864428938
2099982706
1817205592
862786373
-1592851222
1848918218
916511338
-1965195497
-1979619917
-1451917499
-1558123260
1275738463
493902675
-1389178012
-87892360
886002169
-531534922
-1779766100
-175807900
-1818790398
914095562
420964265
-900824468
-216867463
608034901
-2047037899
26948393
2008870691
-5182974
526456825
-1587624864
-725762384
-851310916
-126415052
1986830454
-1495086821
-653572546
-239190597
108662563
-1438870698
-1633173526
-1403255232
1819078502
1201999653
-2076090406
-72626730
-1836606280
760015433
-251268811
-104080972
-363760764
917253089
204601795
-453786312
-1675712299
-1491811315
-38454590
212718639
-686724783
1558966740
-178394375
-1747147437
1234793317
75080519
-155910642
-754251500
689348801
-1366608922
1871121684
169607323
-1869212921
1796812097
-893733784
-45274869
1508439998
1760947682
1775139516
-1747052791
349116300
-1954194838
-228223628
1121150590
81700004
-1260651271
2079071792
-1737194853
1802894460
530986707
-1999598167
965700125
513495235
-417437633
-1873178688
1954411473
58289042
1046688434
1056736468
1939625818
1650983649
971847981
478823507
-308740558
-698265796
1878393571
1858925715
1107419374
1773001141
-40377315
2106264546
2012476613
279622940
-1198976670
-1349464357
1880452434
1629329005
-288210734
-1063067653
2118899352
332234889
553876946
-749620109
-2027205817
1984821033
-1771040019
-1194393025
690768701
-1890194161
-1608208903
560167799
-1366690225
-405085827
1423516280
-1019974940
-897405112
-239345430
-1471058367
-135395883
131164977
424631539
28828768
98600755
1591095506
484577167
146055737
-1150588973
2085129337
727997831
-693849357
1165182987
-1380516871
493284388
1117095186
542400135
1271043829
1616797225
-1311795610
-1483964324
1932949342
-1624151037
-301630941
1752503901
1376691769
60017471
-1679123119
-652831827
-1535471451
-52192965
1262972262
581190038
-467449572
-1570357984
-489241296
415790232
1371412728
320664847
-1466776584
1490452163
1517823545
607683225
148206308
-1753681080
-531615355
1941351029
-703341411
-574091443
-633360273
-1238664340
1044413232
2031967233
1466222587
811831447
2085363769
-1732846095
-1284314271
-1901346099
436910910
-2104662631
1120412433
928906582
-885808552
1122424124
-1243529225
1142565347
-880066281
694579191
1053261568
671967170
-1564585561
132810259
867590363
-786890163
240452654
1286083227
-1730102780
-1731339613
128366712
-555082194
69746429
1749563546
-1088606762
1441004310
-1861545762
37959411
1906330946
1080209048
-1119941104
-394641713
250737095
-467985523
-1347753131
-404601246
1112757023
286769713
-2014750454
430687974
-129763683
1789012282
1417853104
1620680145
2126793293
942752812
1708009128
-632795831
-947630503
1604807403
456318013
-708554793
-1224150866
1539290769
2089758184
193295195
1062797022
-1355556991
-233133618
-1445957825
-496184761
-1407141700
-26404211
1524574703
514464373
683770995
-928222665
2068013448
-664311356
2080234972
-1803558498
-33641521
-1794545590
-2034146232
-1970888751
-469368476
-117059341
-1612721291
-1024121369
362170422
-2143904532
-2136320736
-1260133638
-400387783
-1985347260
898619359
-1677284234
-1292108458
599925457
292257580
875851411
-1033994845
1161929808
-2134802236
983228703
1804395220
1779462863
-1118043342
1609712768
1616506864
-1588169649
-4271706
-373200135
-64789433
-1539310428
738326794
-620588500
-1424019294
1402612896
-1206869418
-1837248289
-1104524356
749969264
-615858653
-684319486
-1404315151
-1244657083
6116734
93466096
-1760125899
1178841654
185504767
-1162166539
-1153574329
-1070211996
-1174937831
-79956464
-1705886683
274177119
1090096818
1854927609
552486594
1959699655
31005429
789891685
-857640970
1852440118
-298593433
-1387236985
207879605
-1070544803
-570592456
-762749478
1498227843
1337551212
-782031141
-2115838691
1156061479
112840631
1365300952
-1399297633
161221022
-634934890
-1461728288
-974946628
-1033490094
-817252468
-1911357407
-1580486233
207912075
-1719034710
-1439256100
-673639831
933392165
1055379765
-1306653901
194844968
-515816829
-85353594
-44895417
-242834516
-1523618109
1660105521
-1724294014
985253663
-936176846
159281769
719889456
2129426963
1062072834
-1715422814
-763177132
-1143645495
918090554
-1722226312
117108921
-1765141072
1277190893
-1010264369
-1229429689
2063544363
-1532404050
-905323206
563579799
1035156375
584853059
1237676960
-257177656
-1381256052
2048279447
297985821
824274067
1829376610
534953461
1852252197
-2031433572
2145635062
113626227
-810314257
985980683
-277852499
887929771
-730147824
-1697274277
-582205256
856292017
-1163577755
1995366513
75591577
-1213168832
-1666515146
-1633820688
1391940070
151064886
1595354007
283233995
1709706061
883875138
3713553
-1192801765
-214811177
1284034267
1180555138
-373201103
-1205851280
1460623731
-665819583
1778742767
1489038246
393115884
1317409669
2024805459
-1451705935
1773568330
333238022
1276077908
1664720563
-693783126
822032612
-1160278799
36043840
-1862280589
-1208444472
-196895866
175291167
344995530
877508936
-411647392
-1334369710
-1614431925
-1453181296
-1854513260
-1288398253
866137077
-1958197443
1162813196
1820385440
1436607333
663945356
-528189726
-1012830343
-1679837882
-224293197
269161712
-422634008
-410385913
-1805910386
1963200935
-771408895
-450449969
-1279230594
-713556961
-1779454101
-280566611
-584436850
565056368
-1392520162
923395604
1378425814
330121535
518530413
1095603077
-1655406812
-2126927461
-1472531641
1858909838
-822610728
712696841
82356153
-1274596878
-619377137
1034170845
220094646
-1696624087
-1674440958
-474397237
-993140198
-1768115958
319838896
-1189121859
1261708268
45441222
267089083
-279689242
-1052507933
1891062296
546028943
689969174
-2010199765
1090103738
1703300297
-1322534321
1822211432
-1478559462
1924500949
155622809
2076423675
-311325107
562856665
-1474094574
-307594621
-765440189
-375336495
152854856
399216038
-216951748
-85590022
-2030395445
355627280
-756763269
-1479114892
1021256700
1499112891
-166576072
1114469154
-791962069
-641209231
1395001050
530468052
1725222369
-1010595186
487424101
539339176
1816277113
-1205692662
-681039055
-1520365396
-1545501451
1924502455
661579484
-477005880
703478030
1178719942
1872918913
-624512293
-1554377844
1693026447
-88034263
317731107
-1421496360
-1099376
-24974719
1483844833
-682844465
-1660005194
-1214271027
-614420164
1899118808
-747507237
699734812
377100901
-1212568264
-85472112
-161489731
36500475
440679076
1032151835
1243029233
906647985
1215790359
986808771
44818401
2109750830
31771877
-739983798
499524306
-121684940
-1900434672
1578608570
-861315434
1795806723
-2094950694
-167924124
-1859330235
-458373377
-2005456741
-623376347
-848556243
709774224
451642836
-73657109
-1350706426
1311802185
-2060942717
1448937335
1270981993
212422988
-2031942728
-1583294877
-1371308669
-1025614101
1956149096
1495578983
1168149765
566371474
-955550336
-1525303593
317714782
458038501
-574562755
1611007343
-1044155348
1668580901
-1711273542
1966098003
613865199
1266767319
-1259479862
-366617776
1950066175
-1284488537
-1534863609
-1525293721
926598848
1680738441
899771946
-1481738356
1879323923
-586069216
-158905699
1316137386
-514284529
-1725580701
972110158
-1183139861
383776240
334650750
150791878
-432682443
-677724337
-1952503819
1180219257
103251959
-1744025197
905723151
-1592307361
486833188
-35796825
-1993374351
-1506170173
87895423
361936876
1844673288
1053471322
1161189145
938578545
-358854868
-2105219946
90381591
-146580895
-1312370943
-575970756
1617729977
-1480612932
1072081441
-783983564
-556843369
161617482
-31457417
-662443873
1729529388
1371642571
-2127408019
1510446382
929282456
-967792781
519658057
-1321448783
-1804284255
-1812897900
241837524
-799582738
-97738246
-1967162723
1262075196
1475127732
-2115104312
1990010434
-507240389
852340271
1747958881
-1859168260
-677826953
1295331708
-1530501290
-1580645964
-75034580
845761919
885019315
927849914
-883948281
-1523230988
1368128645
-1391868421
-1212957355
1663773124
1942558875
2096548467
793944412
-2118359399
-1060454255
-1828848928
1886628617
1546745268
-1128390646
-1394337865
-2028227125
328033021
-1327947460
1289199195
-1972410179
-1161107621
-920068688
-799611764
4661002
-1815071930
684709706
-40372451
-898731380
826035865
33570183
-435998743
-1937814346
-267771476
-1862352122
-1611876601
-1646091852
1731361698
-482425015
-741842116
1199520208
339192318
-848242500
-589910607
-767480553
1998222716
-647441675
-1308578587
1093334332
-673081314
1196498236
-1937487132
290142651
1088028804
1089785166
1584474809
33602113
-1807255936
-633163170
1711927584
1520958282
-1616743191
2076675164
1009050752
-429614836
1392069807
1795027832
-1914562537
-1653447533
-841489104
-1523141655
-1531144586
-1148670164
1434103241
-2067488279
106905392
-2036570105
-414804818
1229138436
-688043058
-554438633
1875449598
-1149296238
-2139508731
-1823881155
-2027897327
-1476551806
497535274
2146008484
1356832276
-1198209704
-1365045019
2021947502
-193025576
2051477624
-2132621531
-2009952113
1569845222
-925815900
109692755
-68383495
760943830
-513830718
-1816003383
537719033
861445856
2045291234
-772396411
1799732192
1699079859
653580416
-692848103
-1220542747
1105772933
1450036741
-1976859162
-83595958
977746027
933436563
-1226780023
-73774404
733012202
390717698
-1133057132
1983667199
-139679027
1310318372
1774425984
727301578
-963299528
-1307931312
567662306
-728578577
-1145369348
425120798
-1014455587
-1069526337
-1484440019
-2087287186
652123863
2098605227
981357298
-995568209
-1376079505
-2041094610
482643355
1998276189
-598427474
924689898
624024568
-1402148661
352898428
-811374831
1543571944
1900403234
739428948
210877446
-218429136
917983657
-181466821
-1672835261
1922065037
2014887494
959745261
-1421812100
-454024181
995801156
-1219753638
1022331908
930013335
133221206
95059792
622944880
-1532652333
-1560322853
749559672
725823097
400131369
-963956126
-761173882
1235424038
-910464734
1765563505
1297921196
-1827767254
412973048
1293846914
879209039
879907466
-400217495
-102431411
1375192060
1278695299
-814299698
316205132
2109367197
407816617
-2044328853
-168019076
-509795097
-729696173
1763208967
-1722477472
-106667242
-1093162698
2117811135
-922751670
-742922788
772764751
163038743
-589775395
1717102998
-1334871546
-563153839
461281229
1957951168
1709217680
-147513855
-1301427224
1186217131
2040102292
1271744481
472439642
1407542124
-338277103
87804129
774420780
-347338473
225615486
1307946114
-858710003
1613520429
-738568398
-1393334684
1680736341
-2026269358
-685248250
-1409111267
-49591738
-2145379773
-1894967240
320635467
-683108204
1074250758
-1500724335
826402284
1616805671
-506825118
-1499714870
11698924
-1339850210
-345053551
1177698092
-982094081
976943383
-180455628
-1893496203
2070734768
1752720045
415784838
866293762
-1046516038
1847979073
1687392724
-1325708246
1018812310
-305843715
392434988
-1532899865
-813884843
1590524694
1661978196
1595139771
-1089732689
1599796816
-433474563
-1097466672
1867381339
-352929081
1552583224
-1866265759
-90848864
1943507179
1546633513
-1485226663
1954447659
58181580
1699906297
-635236807
868987427
1113365143
1697807633
-503900866
1732571514
-911218081
-903868284
1288101570
1867016070
-1542107103
-535521844
949450722
-1100770097
-500184319
-958486600
-1597730720
938186794
-1562538278
-1999394395
1444501195
1368080902
-1417431307
-1168704277
1146647261
1699645701
1914429719
1520081306
190759459
974664654
1431434432
604241510
-1230849309
2045234209
1059101362
31173599
764188985
-1792856277
1748969648
1486659300
-532563326
24661787
-1097071225
1234992729
-381695234
1059125748
726321489
555511831
-221599312
295418276
-1124229640
-362952412
1643783817
-1366679210
2006295545
1733627171
-1235026235
-1349116924
533618538
-1001852658
1999158163
-2008739761
-138120899
-1437444831
318527227
1740172690
-1235738426
1502439961
-1838822660
1707898420
-2073003654
874214814
284487412
-738632899
-265551624
1360521725
1960331076
-1974731477
1264077133
-241515239
-2095142093
680650246
274326387
-452105565
332588306
-248688462
-1287490021
1555459464
175026337
516510083
-1133839188
1672740011
-1223377999
902788118
2059694730
535029460
701992202
-1086791074
-697209189
1421044199
-1253214834
1365403901
1683976966
-104840872
-1357910114
-1641288492
1774122301
1742186462
1573327035
287385053
-559586755
-294174618
-884477584
368227127
303342356
230627914
-665374864
1952701570
2069357987
67323074
-720441862
-331180948
-1386369627
2115937690
117045380
-683372404
-1263308305
-1651505371
-756290665
-1728214418
1481067001
-91909775
-1095202824
-338690578
1951952796
160047803
-1670736888
368769225
-1371039459
1338719013
-4395155
150785904
193228649
-47878235
-1784759056
-1196700896
98935970
-208627648
783664808
1138959662
-796037414
-2023477896
-949977000
397665191
-363566307
-1635809021
-1276425195
485387032
1641098420
2095644093
1556276524
1741871529
1672674472
-281937186
-827845311
1208188784
-1567978107
2099097199
1552357307
213256195
-1216108705
1961548537
-573092001
1003825487
-499183591
2021184640
-879873477
1401809831
724317156
2089474223
-654667836
-1042227425
1136022022
250361428
1133221186
1853936155
-91147812
493549581
920204396
-1244799710
1689101345
885392963
1870254158
-782968841
622744688
1325855832
160126066
-2144826390
2075766535
1267658012
-845931969
15415147
-338829619
1134654084
-1446887269
-1649133857
-1643632746
1135535261
-1932109352
-1066998090
-620683100
-548666435
-445606964
-1311960387
-1561095312
1793253884
1514520129
1209566896
54264490
-436406302
1211356048
932484115
664477055
1120751713
2021910407
-611737279
-1810521319
1721565189
-1105092461
-488499772
-1997505941
439049065
-1972461797
-1522452505
1693450798
-63528724
-2082834647
657575818
1189993766
712575397
265166927
941335092
390643369
-1179552365
285474760
671882350
669383521
-1425135847
-1319898916
2001714254
1723130448
-138198616
1821175689
-1952509615
-1625284076
-1577189443
527190367
-277125778
-354828692
-939469810
610039979
1166304103
1848793594
977529343
1973685719
-598651295
133486666
-2093434533
-196130032
1961729719
885758994
235315519
-895134167
801249290
180676027
-998130087
44311743
-558846820
-1495263713
586969170
-754153828
-256196130
1961220500
631718536
2050617952
1626253895
1835630377
1312435200
1134032990
819095654
1324482607
1021139611
893484995
-78704838
1244494842
1408695686
-311152131
-1451142207
-302371863
-1360608521
491042905
-1408687154
-214166622
1594817813
1705422830
-893692385
-98111070
-1542020553
-542804039
1865795502
1058550772
1531878481
1725512969
-1509459385
-1399524032
-1848108118
-1745491427
589531226
-1497610745
1422975186
50846474
-1435565550
717112876
363180499
466386146
-240711771
-689122635
1039822502
684931858
-1763855123
-1643983918
-1852147480
-1510646004
597799480
109786911
1692099277
-159791579
1640857179
639746598
1443305812
-1188851265
-247937523
198863143
1879178684
-759614038
374824049
230049306
1723114038
881035463
-159995660
-1226322956
-234349093
1243266030
-805069223
-1207373271
1438591968
-1093575919
1901104913
-880143246
-2107274745
1030470817
267612879
-1748464944
1093814872
-556498128
1397387612
296238543
-783217647
73733463
-1623341401
511425295
-1143910438
1382232025
2117293087
1455066623
1538939708
-977078776
328823621
-54664980
1286954836
2001675367
951311740
-407393734
1000789699
1817135504
-726745821
999877104
1017859816
-471979689
78199781
-18891911
276500561
1319153200
833233487
-1349632088
-1686414739
-1632629555
-2038014814
-585653508
570107527
-711983605
-1343588118
102810661
-1031494161
-1070320882
439710286
-892977466
-1341395079
732325802
1021599146
921820796
492212267
-1441745148
120834906
140885535
-662768847
1174804089
1452601944
1908643655
-1406020332
1797069501
48363657
-885324271
-1686948309
1703897927
-1893864365
-1158560477
-2019852207
1490192364
-717077646
-1092278804
1309987799
-2059090742
157610764
1211386160
-1486114884
1632870503
-2120256254
683072451
986016027
154064921
-1378857336
1471962004
1392649700
460185255
1238756343
-1240717075
1157058254
1732483376
-545593887
-1409357832
-343233396
607553099
1077478246
856553092
642098238
1913762671
1803128261
247331337
880494378
-333110123
-514930379
-476722711
1100163499
1664258587
1158391541
1042495992
-642370199
-1345478421
1541145762
-64779970
406448841
-1044055844
1657867464
1862105339
-1241922137
-90448553
-1023767366
-988327958
613792066
-948818883
-1168157787
527650250
1200093047
-1137514744
1664347875
1184977689
1014200114
-188765648
-388999284
1304215842
-735056351
-1420708145
-656775853
-132524486
-1523633751
464482951
-1876682098
1186335302
-115133667
1801421219
1394220438
-776786049
-1299510483
1173413756
-762318000
677206905
-968832868
-1409181411
-1535324405
1270340704
545846837
-2111566294
-1642787955
-460472699
264244223
1146936317
1591320936
1254532632
1473331119
-772679919
-1409798511
143196471
1415931997
501528227
1038836530
-1262561753
1936714107
687494806
821356478
-836587040
1907022082
-1663454314
-1861808058
1850637006
770888941
-1428421248
1011216651
60697557
1652964330
383360001
699181139
-850084970
-751649457
483746173
-1394806400
663860208
1891071050
-769447887
-1846782627
545930697
-212794788
-842848869
1969458107
-1369398002
-1815585528
-93372392
-220601796
-920545033
-625720633
226300623
-1595949970
-954291057
875072318
-226374707
545816859
-2024678541
-1039284558
-1428993935
722831582
502142681
739172539
1809060874
-1236737543
117251796
1085389367
-710005570
1224736102
170601429
-1425346943
-1208307027
186882347
1843735669
-892586013
823321941
788233202
1324784497
-1804589240
-643230921
197776856
-1457507852
-331537610
-686923845
-1149543804
351336988
201646586
-176913584
-1267308420
2076149174
-2145070300
-1899435561
-1369124429
205081932
664742965
-457649343
-92726939
-589661342
1550552214
2068077174
1047083815
-1241470981
664366284
-683637128
1919307577
124733538
-942813974
394709448
-285630434
-1387997402
726193734
580031496
-450558610
-1161037723
-1741200273
1798560225
-2102552598
1719934541
299870558
-1744324826
1398084305
-1905167904
108486890
14061369
-952666511
1182532598
459622273
-49721427
-1681408000
-392000888
462866453
1297987884
-1052783956
541404715
-391244461
-1961110885
386182640
454110169
459022874
-426972549
1874996520
593383159
-1401082582
-1349072238
-15397785
1700497298
1992676380
476316106
-138060152
41427180
-1153834607
-1658034088
1745821826
558586935
-1601877330
1203716640
-1970751999
-1542163552
702746567
-1549622441
-484697295
688474510
-1799031719
1722940266
-1048518692
-28686293
-668319170
-1403000290
-1561182282
-1682557662
79891483
1834861303
2092821495
-683606614
350266140
-1397923106
503142954
-2128822588
-569691165
138951677
-1986745275
70553024
119520957
1490074605
-1213233672
1902953732
1415110422
1802596371
2024104777
1762973968
702027311
-446723002
-273398688
1379072444
-1402172147
799848373
328843935
1796342724
1924104628
778978312
-218111243
1845397126
-983706731
771633860
-734774924
-1062739447
811164484
779922675
804598304
-1469660863
-986433171
-1090596605
-1752526071
-1980074864
1204988168
1229060846
-1139045477
1415770256
1557192907
-1031214437
-1987713741
1687516431
992714720
-1866830717
-283170570
1059463258
-831323688
1513056407
-301871394
-1109331266
1338611166
-719815839
-1810511339
-705624501
1096889647
1329692009
-31127931
-2294053
1028279497
41655513
2000792495
-376703406
-192835998
-1285755548
-1983039300
1408657702
158547099
160338530
-473117231
1985668897
-1863678347
1758521151
1848129191
-1610183579
416720387
1383025174
-633959846
71141041
884389473
-430740328
1003779200
298855137
119043300
-2088612046
1701673852
-1515364677
-844799598
-1211413905
-1742546924
93018856
-1929579820
940821146
2043654721
1506543935
38916202
-198139481
-28059834
1414693705
-1783936610
484971346
915094788
-1722583807
940276412
516292488
-2031491445
528639963
-1479682624
-887238906
924384756
580532743
983106129
-1339292096
1147877229
-27310602
-226866962
-1543265661
-540290668
-1390543332
-1435501210
-770595491
-1775450359
194052344
-1593074547
-490507716
900597054
155576657
-1658089172
-1367154092
-1962886000
-1337434431
-1806183367
319107782
-551084645
1431251575
-884220857
303575294
249698249
857691191
1122734143
501959004
1612967212
1553304485
1032335696
109599765
670543758
17195459
1295347748
688553051
-2118452539
-357951816
-1421991597
2036268476
-125271990
1590755283
1170949404
-1791003705
445069324
-672544306
-1563994542
-119961612
-1799665022
-1305273514
1228084371
-2054960699
439551999
-645506102
599801280
254598440
-63209143
-650010045
1138354856
2015669023
-806513301
-1422716716
-1970699514
-894076766
-1323464503
398991378
807566509
-1493366845
-523994763
-51929386
-1953605119
-1881921773
1989952705
-100308415
699767721
362107716
1209774613
-1419042305
-2078697086
1736003343
-1148586238
748772560
-293701930
1850398039
163440790
781787460
-1782340147
-1683961458
361655793
-1309825339
1224519203
299928152
-230750184
-728587558
-658298086
-1723839891
-74677495
214148777
-355060558
119247811
-542432242
1431130302
1890232344
-1117103893
-1631000234
-242133238
1909654363
-900908869
-1849971007
-2043499219
1985792101
-374876116
1538018298
-832091401
-1397974232
1458337414
-301137974
2042713900
2034339607
2043289530
-1137001301
52017799
-1201973289
664871182
-99734884
593649409
-788115146
2075632639
1872392755
-221864110
969642587
1398969186
-1985665800
-1411077449
410157119
-671797557
-347875601
810737910
-886795429
1619783731
-960414346
-11507041
-249871197
1877845972
-1548425391
-407858797
-1358211662
-519572905
1129701891
-1056662070
-1627396027
356150577
-339615649
1308637776
-7661331
1828080970
1014478429
-1085233521
576262400
-1553056801
-1830994383
1390360532
-645020720
460103080
311818905
872148747
891603743
1948559420
1274088054
91563725
2030966481
724887988
-1073069666
-1687315044
-113679389
-614979953
-1079805200
538075245
-714232164
665563605
1148745640
-1335469722
854135809
1480631166
-299835405
-177109273
278451853
2015334675
-1866909499
645799630
-1551861215
-1388532587
767877866
-1964105225
-152949959
-229347938
2085123931
299377665
1982457184
528951494
-1522723630
54676311
-524284699
-1156826808
-1301122400
-2034315922
-1191219249
-1245994780
-1728131906
-1650627765
-2099912179
2042053126
1387855137
-535186872
-1957304079
1785403431
1160402513
1965425942
-1678562849
-1498541454
892015420
1206890757
25858113
-297569109
1177907271
-583494782
-68002115
-2053709236
1621672357
-1855515679
-1109549142
-1014269968
-1007215892
-1359645347
295807167
802723572
1179474917
804635996
-450648563
854935387
-1410419037
485485046
153051183
-314747918
-1032191274
464753848
1700245951
-670464844
1222668896
-1441784412
-2024513525
-81355921
-1187349720
-1090483588
2069383944
1236072103
1864436270
-1325775297
980822150
-856359239
1627280352
-1645130509
72957604
-1316830909
1177212331
-2121478235
-893726329
-1031446845
-203399980
1144231086
1859401798
-80925059
1901471367
2051512375
833146152
1273347234
-1930007248
710717694
235023633
-1565587794
-87099639
-1414644391
564951608
1940101649
1818458611
-1345053573
707237405
258963729
-316544886
-2080933899
-220363078
-749344274
-1171915661
-87285376
1732082424
-677211066
-117796361
-1180989191
2099126884
138711227
618440917
-1946513748
46222370
1041780434
-571662765
731100628
1660813601
-665881314
1727755414
-1744602270
-122319473
-1162600547
-1905968333
-1235430147
-1811206769
1500979297
-768938747
-993518518
1461539113
1678714482
806639424
219081324
947563394
-1733759246
2110512582
-1123309618
-428048052
-1626938238
729362616
2115752991
-883758465
1857081572
-1697036464
689982110
-718865592
-1891990303
1985655790
730269335
-478017470
1819449965
-1130191504
-7459796
1114143203
1639494920
642787782
-1498916520
260694840
164422758
-1692891708
-857308367
1573867476
-1319105199
565229114
265020268
850132229
-1933083442
-257593791
-2043364826
1310978633
-223082113
1988372183
-767498271
96414976
1894737735
-1697836114
-1245731892
987190114
187207987
2018447680
-710290874
-1189535054
1895984535
302768166
1443676068
-1577972557
-165277576
1188315562
-2053160142
943044699
-1219739607
-1565472358
2069335672
-1680975418
-1605885896
-920290977
1626877117
990254445
592914058
-1918142387
-1116464
-853089641
-275202364
2040364347
-632750331
605135119
97665004
1569242454
-1003832962
-1891346922
1170872400
-1734511566
862708907
-1512913765
768562086
1226266913
-1226115565
1163121833
-1481580684
2099746248
-1507586221
1291419168
-1531301455
1919881710
-942424217
-315610457
461452716
-1011799913
-1674701784
1484636896
11248429
777263697
414629909
-1188570402
-1114627111
214290637
-246458283
-1146375725
-956699942
1160824752
1071443708
-410388211
-2120506689
-698995029
976653709
-1047292381
-215427680
1277139145
824333247
470013035
-1797573755
-1144271609
-750829948
-1937262162
1486576391
-910193623
1880480582
907637278
-614791113
305946571
174746483
-1752037496
1068027327
-674445643
-2121319365
-12396603
291748935
1733710451
270415512
1930133110
1358404634
1471646245
795667342
309863919
-1343185656
-488593773
2055119028
817853299
-1673551731
-1649181820
359407858
238453410
-780762574
-337108401
259085707
1464116271
1238762035
-1426507342
441248605
2034750421
-92457375
-1141649694
966690919
-1082779253
1352967497
-1389083678
-323725940
-1042855435
-674402410
-1143290088
83943574
1916131870
1550789555
2119643164
1467914876
1704770148
-1170909260
-1625991725
-1076464153
2011393203
-360217226
1297101244
1165191666
-1591162379
-702175996
866346121
1694817585
-1909445943
-2058088132
1834479601
-1735508747
-73668750
329859762
-975029820
-985512755
-465870063
-246854445
-2032882625
-1924351410
-1554901482
-1988523699
-924088415
-57302761
1344293876
272176558
168540413
1052060431
-682784748
-1808726197
760728146
570419440
-329267701
974748002
-786743336
67567369
-2006316786
-656483966
1904080540
1197498943
-1362104667
-861596117
1408653390
-850960044
-190629730
1752994736
-7702439
-807010709
1442546244
-1116271772
-1369608652
1478221003
1039635664
-1475823371
-553156360
-610285853
-48558304
210008594
-49481679
312807565
-441297754
-1756904364
414230008
117332374
-1039009886
253072730
1151106625
-968133506
-1541008749
-1905409738
1823199088
89683323
739853546
-1382006009
700969010
-1330631229
1277314817
-1858964506
612464266
-1379625205
1828866378
-651801595
1075661866
-2060192950
1219334859
-468577771
-613534716
-371612478
708514505
-1359405848
-1723296481
-305790400
-892413501
-1497593000
283614894
-1775719519
905883042
-66775450
-1938286243
-2048056680
-328258259
-722116187
980318702
-863917137
-2074396990
319188441
1653803268
-147014773
-459372990
895881690
-754437057
1079342195
-1292386739
860462526
-1321444216
-760743917
-389721937
1814367286
-1745242707
1304859004
-1379665383
265905720
-1277424849
-26936466
2106377491
-1661780770
-1147306406
473646809
1442564145
1631346061
-550989418
340927905
-913828988
-948820903
1483674877
-1115513439
-1809284781
-836497240
1089128493
-653301773
-219652597
1305772053
-677001890
-2099347347
-385213581
-508578922
-84538954
138258797
-1329233117
-456424736
1341697755
-645601319
1687297078
941908489
1301195210
244726625
-3819458
-2119000721
442901223
-529918201
-447063176
-2059604008
850967380
-288596512
1496183872
-1170483494
-65514619
-1855592421
-1505651258
-1720497795
-2128009452
2053821506
-492492286
1864283422
1304515025
-939120448
1796722405
367355029
-355266019
1008699810
-868986160
-1987332710
2047368311
-1465907551
277120073
280477796
-263482281
-316193440
2035108076
157701522
98729530
-361591823
-560943202
-2045282738
259899134
332099485
551711241
-1601721681
384859247
1340877796
-1065445053
339597919
157872929
1965286850
1205418448
-1651799171
356259199
677732147
1876523722
722971588
400787492
1485758201
-664708002
-152418324
-1762750615
249712796
-1276710534
-1972251312
1369162302
932241586
-1610940220
-580849200
1037735485
967678304
300171469
-1546797576
1204885756
1494139680
-1388993658
1525298529
-1879872862
-1763832380
-1380358926
926886231
511692220
51627450
1567740189
701088188
487284817
-1575380592
-1509165748
1291167787
-50802125
1653978042
-365973387
493633888
1970515095
1478962323
-371468559
2136185046
-1172308249
82385057
-323723921
756933297
-1906866985
-316557539
1628684075
1672787934
348821942
-1026063183
-1643113632
1859743864
837586182
-228706685
1152878075
-1035583379
-1644680114
1233772913
-1865472112
380762721
47355437
1767297438
-1365620591
932355281
-1210078542
28890669
1088410557
-577172101
1799138539
-651360948
-1144628267
-861755651
-1307907653
-237683596
494325909
142834876
-1984071696
-594222866
402722530
215382279
402285973
1545249944
-1610825665
-1490110085
-825170301
-969190679
1813265797
584568232
-1123329986
1170074161
-1706137389
-2012693516
-2021839107
-369523419
-205016382
-1874333505
-308666358
-928393061
635027165
-855868472
44375372
-781760111
1941199696
638271438
1922758177
226221939
-2073968674
52754554
1474670961
580818588
-497334248
-44811653
-1037896448
263378717
-764207925
497603058
404295170
1212289982
1529512121
1406149393
-862228748
-633219775
-1563183988
-1170181890
1490597545
-99043859
1566156295
1469525756
1402573986
-1090973366
2037833342
-1540833332
-1650909533
-1647285208
-339188600
566380369
-1667994750
662100198
-1547664142
-1601932686
439912257
398056432
-565659914
1489525059
-1628236705
43160713
455151532
762175335
-1407504790
193932746
-1744897857
906311343
-2110955048
2104744937
-162259356
54224902
-1339110121
-1114117698
1640089736
-200538479
1576582883
-1412982141
1825313608
-709332718
-1922079274
-1128537125
-626804058
-39369331
-1279564475
-20626411
-1760268936
156560173
1690788681
1045903537
1276173219
-1884793241
96461850
-285861598
-432737399
-829592737
-664467804
-1662953003
841614015
-504847733
1172502099
149977969
-1017139709
1544410006
1172252209
-1162270112
-196610964
1444825734
-1833588429
-1585884530
-395071005
-833582304
532888527
581446512
-1664068399
-1654233462
-548547886
-776110008
-920732902
-1984149710
1281803119
-1611745114
1522952777
1067898606
-1354835814
9790769
-743991541
-628989083
-1860834922
-1343531865
-1161711647
1915331756
91538893
704935202
1739284241
-205534669
435784159
-1615919716
-801884195
-1256984094
32223740
1248254900
542606071
1570925950
542014838
1611710897
-81076685
1100642897
1870493585
-822136633
1995088766
1486180106
-1983366755
454159257
-1846457586
-317348895
-1338000825
-1311359745
-779731750
-1179313922
490257963
1571151624
2034484556
-950591717
204225964
-216084926
-912580299
1259292263
-1848126457
959352120
-1594305279
1692604333
1661832102
1989123131
-730152149
-932324427
1338219442
406858085
1850521074
2012148970
-1477842197
-412795686
2144817229
665956157
831810491
578676049
1480104475
357018184
1499899271
704522450
591174558
-100843083
-132251832
-207503935
1568652330
-998139936
1608359770
239259674
1053546521
1496458938
1790440595
436295421
-2023996927
1158937329
1461664919
1783348845
-1094442200
58916173
1336384363
1226959188
1593175864
-1002312099
1327142983
-2131243062
44162862
-48498606
-2121985105
1831681430
386705304
435354410
2078673604
-1671138060
-706814465
1310979856
1739963351
-732317288
780190113
-2065876734
585236542
276432882
2141018979
966274484
22409067
1939307700
2074290437
1218641587
1341136697
1845375120
-1379416169
-1748738611
-2094262903
-468415418
-478719701
-2100944208
-2097627379
-1965139747
1198481867
-715546927
1115619171
392826928
2068903853
-2053977201
-1825001883
681849259
561226404
1986377367
1206490815
-393961642
1987557082
174313609
2064730561
1850099475
666662588
-491978277
1854266485
-1617322973
213542964
-1763530242
-1672158732
516334830
-862893795
-1356272450
1695102709
935043331
2048677619
-2094730770
1380545190
1917946716
1993792970
-1901266109
1068241086
-1260389145
1392919169
684291200
1406904531
-1144114367
926809143
-1846255149
-1963538712
560414660
-1415237380
-445198209
2109487433
-1860984125
1135405515
1704603066
-120723557
-629483757
-60747336
-983717929
425821998
3379662
-1754418075
-893518424
-766001002
-1429095853
1083518906
-593469411
-1691903367
2022530704
-1645523756
-1655223760
1385512361
-743561341
-2014022594
-1866304763
520644212
1922765309
-49843874
1501118028
-288876741
-1943638104
373520689
1434537705
-1599709119
-1918208948
1800628282
923344855
1526747332
-1358245043
944925623
-1430730935
144926033
-822857353
-38434282
-1582741487
-898955436
1207594750
677428902
2067076421
-1367477778
-373092929
2135268497
148548639
-2076405749
1886992332
-1219187446
1452566565
-613505102
-56808921
896138434
-1030294135
1733289631
1981351884
-210727777
1654261202
805315598
-73312012
-377513553
15018683
1607822297
-1828210024
-1334841254
1251277658
-1956960571
344621619
815185623
-1456806012
598406167
-1701553716
-1472816415
-440640145
947980398
-1257564109
-1324437847
842802585
-1019796020
-612542070
-428130034
-945612567
-1292992267
-2139972601
-1793454837
-1939106541
-1109252100
572122359
1427643504
1881494336
1231076890
1842295301
1886788052
2099086573
1384489153
883964603
-1981067831
1517378322
1119275504
2080196169
-1629570223
-979412089
-1251081272
1552619909
1785794449
-1123145565
-299286177
-447266509
-2012653372
-481976538
-1362677548
-1902101371
-729696143
1728147032
894589604
-2131276828
1160807648
890408561
-443653574
-1898321936
1054707146
-931710661
-608158772
196945094
-612730801
-647542539
-1000117404
-111835776
795895340
-544398981
-1794399940
1737098241
-1648075732
-1535015005
1993557839
1965641969
2021071839
1948453608
2142032940
2070188038
1335649417
650634573
-151652596
1954747525
1760612189
-942443141
1611198759
1131864584
1383381738
-668551380
-2072399806
-835586687
-2147092011
-1586143796
745635468
-870802818
2102999240
603944285
662002602
753750190
-1102098518
1707715994
403723024
1196885411
1051849232
1064088415
312238994
-924145959
1663464178
-1053410233
1341770810
682446838
1323077537
1776068758
-777137573
546609491
-1083542024
1085300569
182408422
920570554
-1985578542
1984186572
842580219
1836381809
-899535429
439945979
1629240259
-802865033
2079445737
1097657515
-1106242180
1654904333
1353077869
1334608505
-1609115179
824531319
-770752091
136219204
1879544187
1515046403
-398623756
1206360264
1898973427
1801130058
446073781
1713929610
81014954
2015561397
1347670124
-133922565
968550986
-605014461
1086849086
629858520
-349579442
1858197384
-2043106654
-1313788209
-1900610344
1613694968
-1195330983
-347966105
1601196225
-2039622811
-1534332261
-1096726752
1950778353
956486085
-1760853102
1031347161
-1331061263
1000758585
-1799007733
-60972942
1713061310
-1959222198
-1269236118
1427954865
90411999
1282284661
-1233176865
-915188887
-749508167
-1368254231
-1922563882
-1423998760
953076258
1398114702
-483416652
-1237034159
-847175885
150742601
-966183233
937474586
-1856710302
530221694
-1606886307
-1776564585
668333007
184288470
409429120
-377168985
591915485
-772858047
-461650848
-1083738291
682422788
-140238018
-159481493
-331734382
-1417309723
1706630745
-1848232583
-2076609622
1022156702
-1889326347
1743495748
-38891947
-1893268385
-1227030197
-1506342889
779273864
-771959747
1514083506
1799336900
725109068
1989709637
1147519264
858912730
356118500
-1740300332
1171148016
-1237383913
141730101
-1414370779
-392445211
1581078043
-1281432222
-176783061
-2038372242
-851991969
-1571713098
-72559455
2136790059
117673060
42902215
1527884894
808183983
1004044079
820892375
1594459373
-70830201
879914739
-1166521731
-1964433059
-972517253
819163408
-796158588
315385428
-1098268397
343039804
-1958357486
-1869131158
379177052
-590087681
1486727180
530425780
376111852
762265188
-880126279
1545804445
338268962
-1131093267
-1111013211
-2068899331
-1260811854
1545416647
-1710766649
2001503331
-19885472
1696507454
1243511781
1568595637
-2003359477
1529031538
-286366409
1144774651
557423340
-2139575733
1563489610
1657890423
-523151329
-577412951
-1535659993
-1853019656
-1785505437
1750551520
1401786292
410828655
-214393315
-1201051549
280943449
351388098
73533090
865122494
-1412147738
-757124128
-538374475
843990985
1694033331
-1964871660
321072206
442669594
2106530568
-2145699682
372627101
1418871483
-1469171521
-820265601
1156938061
-858616036
-598432985
-898454636
-1918248947
50363978
-807937748
1054775526
1672914507
-1246529695
-805807180
-1168416192
-1630578878
-1277136065
604120907
456084993
608791095
739872122
550020097
2015823922
1737537278
-595513197
-455659630
1854720986
-1661632829
1145524587
1428006344
777538961
-1891351290
-1980076555
-667776227
786053970
1360245991
1214071596
-474301021
1459578261
-290122077
688746055
1042337832
-243997283
158865758
-531206869
-859540588
-273165042
414905634
860860961
1986826902
-1934595390
1833707815
-1743012151
-2125659265
690065628
3365460
1393130061
2107307117
1865631772
1397429765
-1044891944
1069118891
670002292
7175438
-1838015927
1236911704
1257090779
261233408
-1460150748
-780056762
1457838178
1566272938
1446255304
-106874845
-291198332
-1770594078
-1392799257
-452287778
-1705185087
-384155003
912469041
-1148511933
-833906835
689304251
462134866
346368232
1865735108
-593275777
1145956639
1243720012
-945428158
1686848094
-1724700405
166021180
-1607239631
431524734
-288003873
-513279880
636174723
-116998943
2020502441
316810903
-968336415
-60966165
-2110479883
-1759651801
-999827965
36630305
-1586119110
-317187817
960242242
-1703866829
862035095
344021849
1968383851
-159139268
-1821412929
2146544835
1873545941
-801864377
-1032686288
-913316042
2136410036
1739790357
-1760396630
-1086767359
241887152
-1059421924
45100767
-735521913
427880625
1511124947
1912859494
-202037730
279010300
-2107154388
37836277
-5006534
1251453571
-844432798
-914800945
946891210
-2092471688
-2072368396
513176187
1949015265
1980711458
798340848
-370576714
175246233
1204900852
-506572684
235031209
-441226445
773148635
-829984911
-657001890
1961156483
858375639
881357490
-903350928
1477553546
-1754296883
433081628
1828475138
2020734052
-1487710054
-1247788233
1378401522
-742813596
-920207765
1714846956
-1469721523
147819645
2001428043
1744400272
1857802500
-1136605725
389538557
811688993
-1220423968
717661681
2114453771
-805462578
-40253005
-765127091
616940062
1489429692
-982398257
2100368201
-760499824
1086945543
-857343556
1308852364
-276513217
-1588809210
1411810340
-1116593167
-314055260
406769107
-1166044910
-425530706
-1017447389
-921717495
-669994149
-1507074888
1623795364
1536014031
-1637576869
326394470
711907681
-16547563
804300772
-583876524
132542465
101112093
-2104457612
1173024137
2065543910
140236861
-225529179
-2080233508
-1540497982
71872738
-838783767
1682762387
-1701512336
1676820440
-1436131211
1681075020
-142038271
1176104391
1405796477
1407254816
-402152940
-400972544
-728857438
-1615324668
1372618858
-1987911815
-1436141400
-191323533
163170488
-728624874
-542633108
1121878857
1699746495
-2114457046
-895268588
-1973806606
-2107848039
378433084
1994247304
341429955
-162983594
-962118899
-1192741856
843853223
-1972006201
-1996596263
473871773
-2049415939
-1562811239
-2093280035
-425104035
-1396355391
-1496890716
1334711065
1962763466
-1243256855
-1848001403
1050922071
222497811
1992317457
-637786007
118381419
-1319232737
169409369
1351577388
733633723
2124287421
-403117938
486999458
1781960449
694005535
114892167
-2008307917
1607351375
1263233160
-854511663
-17390164
905097043
-1638185148
-1339224178
2119295572
-76531492
687795673
-1084001639
-365575106
-1934653028
-1857100677
-312128018
-2120237091
-905157585
-1215038268
1314980169
-1838070819
-732501157
-1000948572
530192652
-2089803984
488968345
-1643772779
-392115611
2073998438
250472148
1302684947
1497533871
412323393
-1337926288
-66660533
1426029337
1608329608
-100194419
-1726296814
1801866629
184027163
853398412
-669201384
1987260338
1999266119
-713337135
1427245149
1261156252
1945764699
-1376022070
-2056080925
125088802
1227242107
-1910927312
-1909593692
683978985
291033267
1527679373
2009305542
-199207808
-1101104305
759293437
758017292
-285475644
669534569
-1435612360
-1626586737
-59753082
-1680021566
-627313201
-1592200530
-924506774
-799420971
663806645
804046403
1379036433
1894885417
1901825280
-1086502633
-1183779718
-71920666
-1583004687
-1327266153
-123981147
1148452779
-1497014991
-907966521
1189641081
-698006114
2136917853
1070353782
-979550233
-67939645
65388740
496941490
-1164923826
1909780369
1828959855
1179458686
122964256
-1936556606
-2136240287
1018714050
2063106502
-970506390
-1542395873
1058721410
-95996479
-2105050293
1658389106
-822570158
-1783384047
779358823
-469471894
-1052800503
1866522841
1366907605
528263590
-1277464396
-1551624893
2072007640
-736014893
-1043528755
972450209
758548269
1642360689
1947382189
-801947180
-1711133789
-297905187
-542863042
1138103281
-545432335
121417099
917278708
-174116575
-1832092477
1123150226
-1740698883
1755429064
751898902
-766684819
-580433994
1740315112
1551610821
1605174527
2006876001
-1799960889
-543889566
-687402793
318468629
1166474960
-1887574711
1603740853
-1328302859
-148516170
2112338162
567455309
-446222428
-515914017
-1903149945
-1203938230
264338680
2080094207
66702006
-355185259
-41671955
407496194
520862151
-1553567530
-536357413
761153838
-1177095184
-1181427654
-1536017685
1100518792
-1113898776
530449783
943775175
-1939959689
1625232569
969110028
-1902031472
-1349280601
892663770
1632163789
335123733
1822597168
-2107188100
637599134
-746356160
-1598183178
527496484
911477886
-904892205
1615393618
-1640308615
-1712869177
-1875735468
-526567695
-23642529
1322355635
-1201423034
1269259772
1425998403
1354807586
1922151833
1219103353
-1828776264
-1793888871
1895420002
1254591984
1873028675
-761663347
-776554290
-952027311
-426140302
-1072138526
1343032404
-1396499692
-764528078
1437442478
128150569
-1864255070
1254210658
324773185
631615993
1801529331
-12285021
642669673
2006596563
-1506566537
766207601
-816264207
-2002025628
798462522
-934908297
-1144464789
194475111
-409224126
1040983582
777535535
2090415708
-1512983749
954086246
1022227363
-88515209
-2057438378
-858326023
-380398149
1312536283
-1625378707
-1999868291
456565443
1503732743
-1181733270
-1104835287
688221020
-282642032
1051286505
568692122
-1749804605
1293325584
1600092956
-1549229593
2004240217
-1563681186
1025221871
1585168114
2034099807
-1233606657
694833772
-868617215
-1097300992
-2091539749
500144223
-1414584436
-141547884
-658187981
-282003139
761875800
-1597682654
1069311186
200274241
673081796
-481571545
-1002482558
-941711145
220132962
-2144557163
2008462529
-135644866
-1397654583
1594553886
1309011892
1861029736
984446120
1519032241
1165015132
2010413348
1786301982
301681476
-132647673
-1117464450
2011994441
917717972
-667525880
-542607003
-304430563
-1733265239
1973206441
-658758258
1815601014
1103640030
2121865824
7770776
1686728815
488681760
1718819905
378932849
476715764
-500652363
551257268
-913929
2029698965
1794982592
2085853031
2061795810
1815115421
-160507197
-80957563
-1007086112
-212022685
-1982252188
2064610344
607043073
-1639005473
789352051
1400725515
2147104341
-1790929281
-489677525
1823903875
-268543790
581899323
-245861705
179900335
207187323
1383406310
1000252152
-240251410
531945663
1112977863
2065611141
627883665
-768160738
516724328
1566545139
-872297519
-867443438
1654281133
235319893
-693791229
1077454380
96876071
291417350
-1535462903
-2050894212
-1439977046
-1033931099
705780491
-281324746
643173404
984845152
-1891382425
-1858777199
-874880624
1092986485
634040549
-670531854
2051364242
932625142
86519855
-688863927
-1675491900
223622348
528165759
1031276987
98898345
1638057469
-575422310
-1209462911
-538981440
886195249
196948476
949778703
705488852
2020825713
1438691156
-1334814344
1942567570
965743410
-1041780430
652015632
1470127707
-28017006
1429986302
-467686830
-2055319205
-1012598560
-1985110484
-1809913852
1360290010
317969762
-165020243
1832451481
407958994
897610065
-885307224
-1654587179
2075072192
608564008
-969433751
-1878791241
2031858367
-1954530787
1706786201
845808018
2138835409
-502152721
1532879023
-1058610564
-1782462848
142442210
57571750
258797804
-1708221275
1020524039
-1687804944
-1036063330
1714585991
287512001
-1111708759
-1044058694
-1771253465
-588475773
-2057935600
-46657740
-1240861479
1075760094
-2031139022
-1926590603
1312579350
1799912890
1662025191
-1624758213
-1490489200
763347427
444114690
-1861953859
-57927033
955852231
145632963
-215060206
920539739
-1680615299
-1477017712
532131282
1729342049
1332491529
778303716
-434535939
-394550279
-1110037282
139977095
-737019621
386109151
-1221241181
16042239
-1596593243
2037320130
264283450
265358406
-1824704605
1816098834
-811857155
-1140821572
-1410900075
742162718
-812479158
2055671903
1406186391
1411181661
-446723007
-2135493064
481192127
-923767029
2011054796
85803544
887767753
-773832969
-748502305
-1564826492
-478366730
-354058597
-1058016768
2106489837
711890736
1416746604
1546799625
1413152804
1874454642
-1795698829
-1805688276
-67358452
1171464038
168149789
395740216
-242058096
-2053435313
1316975694
257872410
-27439145
1829992232
-5265989
1134804901
737216438
1328451853
1017921912
676914325
-717818778
599025626
-534977072
-2063963439
-102931338
1757328401
-987960492
-860906257
-1429673214
-470386431
-1846593482
-1507239683
-2087234267
-422789341
1204516055
1403939710
1901593259
1754927302
-881756771
-1302063437
950310411
438738159
1739124234
-201242085
813707155
836183162
-291454710
1543458363
-619534363
618206596
713196171
-2126321503
2092465569
-2106951412
633601618
2070232102
-1808307613
1224775383
-234235892
393472372
1601360623
198865813
-972318557
-1753992248
368740011
951749953
-249905965
-2106774025
-1719565747
-2091550259
1928567036
-730254411
1660004820
-1799795715
1234708025
530526997
-190009925
1657528978
1516375216
1530432075
383356780
893158827
1887076139
-1330610759
1285650675
740783720
649837544
1169590824
-264905741
-814721840
-823572820
365762389
312806364
-1631420428
-244764643
1672629936
-350107810
125097044
-663093679
783882847
1387619608
1904241792
-1786377566
-1257992056
1956353940
93341698
-135370557
838356688
-1409155977
1311374459
1068804888
1280608798
483715828
860738827
-989063103
-1583556957
1105606018
-51444746
-45079049
1758784542
-1236151602
-611661181
-278442725
-1517360548
1708106225
-382747865
1517718284
-100998658
-18825755
112490979
725296184
-77617794
-1648749515
1794088682
-744129547
1818306163
-961203468
314089350
917050769
-604445932
-1238662673
-1970020037
-52227417
-1823922182
154098469
879385388
-1090927948
800860713
-1042696585
1187998141
-978511895
-1100202672
-1843766117
1180547193
-2034690750
702720592
1147393366
-1092721098
774408662
-1878070790
-1721006870
125552503
-1362645647
-332380132
1221176524
91450128
390820447
-209177922
919356313
835798288
1841012874
608942505
-812984245
-889707558
-1795486265
-1464925656
-1384581977
-1604725867
-768964756
-1404194030
-745032967
-2147249211
1314406693
887069959
1480489731
281658170
1706482951
408494840
545135154
187164200
95707365
-1366612243
1822468883
-325555561
-1476743966
-1018265854
1467744260
-1350971651
1458063175
-998033742
-478968530
-355659992
1638502806
1558978647
-866005582
1265859425
403159775
-1770816783
-1804517342
1246780878
-1048313007
871215141
1450087986
-1441459688
-1918163693
1882943113
-107535441
-624659635
234223188
1996268574
-862971729
979682310
-783705952
1041898781
508769033
136672460
2004535669
1870908150
-1481600249
598764727
1566386198
-1679951979
-171137190
-1548437417
1092650142
1236789478
821847117
1462944472
-1337226153
-1249199973
-1294910915
854621536
96757580
1432839212
-1253474488
-235005765
1548557084
-869836513
-1020182460
597308730
1508034321
-882703991
1913302259
-61952809
-1479799440
363205844
-1080781964
1645042589
1796488722
194097345
1400413947
1436977734
385226291
-619151696
-133018172
1969807141
-2020464247
-134125281
651874884
1733622086
-730183528
748791152
1159025570
1934432723
-1453557692
-1987635730
-1759887003
155942841
-189968729
1054361617
1800908397
-751806070
970639652
-88108287
621274919
-547196508
-74584132
-1987372456
-1325484293
1737226387
1142086047
-293357268
1342247177
1466896819
-479992058
202971467
958533653
-1989933542
885933119
-954107192
1323008447
1523401140
519244297
-1345327178
1514631415
-789872978
424251169
-68415437
205743023
-1203846376
-1216561380
-1660786008
1805467601
-1941498683
105286263
-1695206322
-1795880078
1161955189
-1274428436
2076769779
1946025032
-2085582539
-224657658
1291940093
-914584999
-1203597050
1823884279
94263471
-1123649035
-2139319363
-644043607
571046826
-261811994
1195696937
1241136914
21629367
-1949766939
2059754362
1794087116
618308035
-1191042738
686818016
-1255653404
-1093979094
669432343
1203470194
-424432399
883443000
1513918974
806782801
-1399037336
1832211435
-384092671
551530253
101229871
-341808898
-1139974125
-601802170
-2091537809
816910882
981535500
1655100054
-111718738
1775586702
93344224
1660766382
-789337572
-1290589766
1646038547
1867170750
-1762453972
-1274143386
2094557548
1802502938
2085779558
96164832
1651824360
-1194748390
-839981445
-162485881
1626351345
1760702017
406779801
263025802
2068163279
-1823117408
1379882752
1647719925
1236245343
-864754820
2130537429
1863737070
-1517013247
-1749618386
1082403382
-1856154053
-1538110762
-2018377398
-1231265394
-1448130042
-424633557
191115011
689118249
1284168164
385277743
-1293276210
-1387404278
-1011819245
2095989740
-95536828
-1960967940
1481361667
-260920716
2134007116
1245774822
-649561065
-1206053542
1822897272
1242444643
1881829548
1294137700
28509871
-1531597422
583113817
-955423362
1763901965
275731241
-372736136
1151743472
-830816250
-263925808
-539678491
-492255533
1114929361
-452766804
-1854918139
1202117057
-876181245
-761867719
47249162
107586251
84487545
1876548188
837717876
-803065681
551655803
1677876152
411650778
-717511606
-1203385571
-1903891136
-506939927
-1445663925
-1510030872
298674444
-700027987
1628369449
-1933247558
-540741264
-1608632561
1672970582
-995271702
-167070901
-350205794
1252538804
-10821457
-532285028
63603857
-290167736
1254869697
-28481958
779758860
376932653
1860115264
189293699
-1080595294
151126474
1276742613
1739401077
160466203
-1568671161
-1593875177
860801917
-2037209482
-657811908
-792013009
-1412142163
105558577
1620716715
949795005
-265600782
1809346247
67882800
-1178611715
-132964763
-1044189319
1469812854
779422245
-1861886239
828716113
-1495777811
-180271854
-1397778475
490096227
-181632839
-216297694
2050401626
432034901
-1000039955
-647691933
804250503
1817088802
1767321080
-8284180
940353796
-1198397670
847958879
997960843
-1785375011
-1946642132
-1676060500
1066530720
-656633448
-294282137
-1968376411
-1507181752
952399753
1094199230
-863839295
-257884995
1374709859
-1264801781
1579276759
-502206469
1804808722
-72593834
-1876228328
1135802791
-869091640
-1659847082
-946493121
-551425236
-860397482
464888119
956746246
1373330727
-1230048068
-190177123
1980248027
-284603388
-1458593789
678465000
-1628852780
-1221174551
1715554121
1141553593
2035482335
726196434
201357596
-168443979
-381968323
2000626684
-619737333
-2060432760
1801543472
-739678329
-958409606
-1735224275
1018007026
-1551585450
-39467338
-1016093077
209982441
1843617337
-991378872
636198818
536268057
-1677782450
1188016526
65732551
210431194
1788961699
1987154054
-1321516628
31807434
-1501075168
1317657069
1154827396
-2054280956
742270884
-77713016
-1541518938
-1974806895
154423149
799268800
437553809
-1601066722
1281354684
-100076940
-1851741392
1183873775
-912463688
116266763
-300577698
-143920621
634622866
-1122270777
-444841301
-772036135
-1320912663
369915489
904017248
-1969553534
-1018608272
1209157073
1572579776
-789744073
1034980558
994628972
-137544048
-1930369475
2144639685
-1889270988
288562137
-173610138
-1326730603
-2130805909
-599467284
-633190710
-669884254
-427306135
-511612249
-866375753
-1921596844
-2139554385
-1600228363
-1451192347
622192702
55798587
-1685388646
1000359662
1726658178
895512093
736982576
-303427332
1015015282
-1419005623
-1247740052
2104761539
382538875
-1475552849
-1237897819
-432415566
996206910
1036100744
-1899605865
-729694364
324592895
-2040850701
1788195427
-1946059940
331959874
-816475456
1321528794
1750000113
-599901005
1541203082
-1390680838
-258577017
-819405498
2142936842
184884152
-2106589441
798643358
-1686218838
-1249084673
406683248
-639638606
-15427496
-1604796424
-570010858
-5623122
368745117
-2143937652
-1887574390
