6606
6606
379840022
-58056723
-970144218
-636311757
-268836303
-910558400
780569533
-909754884
-359014236
1499799521
1003656209
644279111
1997683804
838027653
-785978572
1405959968
-314042447
-1973710434
-1798074805
-230645579
-1612234552
1546290673
1035141269
123230470
1774286904
-2051369882
360754348
-1160375080
-863437329
342286366
39687691
-1185803794
1756137558
-93465654
1160781520
-1755288709
-908523085
1773798714
-1038883391
1314535890
-1928861745
1360870964
1473970324
1198291295
-96040488
-1510818169
1139938922
-1120277286
-1479647096
635112286
1426923164
1467772600
1540541573
-1802182695
1226491834
1239770597
-1998813429
2115769049
-296170800
1732530608
-1277136697
-1636792805
-867979541
787849479
1035594502
-67865976
1270923483
-66369309
965680911
-797792822
-1500953799
-20722171
-1591224372
-1261271774
-1328932181
1358673378
-1381641809
1569253752
-1252296090
1083216603
-661150510
523380915
-1054321420
1181491120
-313676448
-1934434230
-2053794505
828448310
518690355
-1073588965
1479893933
-395645624
-1289786946
1301970043
940768244
461113851
102583597
-575208819
1520948881
68612117
1749371338
-548544041
-866964756
1789922750
734054562
-2076090350
-1506210402
-359743881
-1649171352
234128449
1040101103
2127462732
912455064
-1838654972
1194163610
-813638075
62520543
-1919314387
-362860078
1090760481
-733425735
1580953747
1743848585
682016582
2087627612
-513423578
-2095278353
-1409878286
1578897876
-1147543997
54087224
313820599
867636590
266490441
1808869282
-908279771
-1301383590
-720892308
1029720246
126330056
2112779915
505371848
-1069101107
652491860
-650868766
1414357945
1843964117
547244319
-1670563702
-321411991
1768909397
1504377294
10092965
-845918550
1314815661
-1205759149
1836244008
-1679065595
-1754653278
245384726
1859239938
1023849490
2013649434
2047648370
2067034499
164439049
-1356347357
-159227806
381894907
-1407147111
1443462969
-566595973
-737042271
1572361464
981499080
325024797
-1749568329
-1053598150
-165958929
-1822133531
-1808645654
-858832410
-1312026746
583308133
-1838637570
282242246
-1380259998
-1705236201
252610218
-210318081
105886167
1325664654
1746010816
-2044295584
1586294909
-1341566227
363049361
764155902
-1391288521
-457302627
-1435882354
475727616
1082239089
737613114
-329818318
1364026038
-1981032024
-2062209843
-1113523937
1890104816
2091916335
-1468407232
566976135
303053197
-2099579345
808961294
1875425997
1773083730
-1876977682
-1598540743
-1641801365
421458940
-1275201196
-1893038207
-1823823595
1310436247
1643039659
-1340074030
-259814113
-1806204144
884360102
385604349
-62332645
701953033
881524644
1175684779
381342406
-1822060564
516853301
-87331187
-1693452765
1311910722
501831900
1876267480
-1183565848
229763653
280229654
1699711984
-805694951
248447667
2129931675
-771597213
492300019
-731822364
-1273750045
499268120
2137368074
-1707356642
111045099
169600455
-672325707
83643944
-361607112
-1889521749
-559830359
-226624995
693044252
2012587126
-1388707869
-895812991
562415159
635671941
1827762379
-1761291623
-1718189760
-569839531
-647767146
1554859766
-109908219
346331444
235536875
1723767123
996182448
1593589051
1876043209
867904928
-684602037
-381038725
-978644825
-1639322530
1058246021
501687669
1737877724
1572206125
900948917
-1103993137
641038657
-1686274910
-1907328737
773669957
1662504724
-1263217570
-2003291786
2080647645
509694495
1019221083
2017753506
-1903566754
1062124312
2083968649
1267318467
1560760834
1953860683
1206578585
-1749102220
-1545181590
-50270090
-1841028073
1770600787
-801494575
-408738829
1102076094
1098693825
72725380
-1529754596
-217543673
2143625446
-314146927
-1570381590
-2084523261
1700619767
1848520638
1562250463
-960404630
-1614281797
-440211523
1661773605
757574898
-1318065590
1929164957
115911671
-1827097627
487738136
1131007874
-2117380288
-1113857811
-234000847
-1224057960
1566197121
1917303346
-1569646651
1311792964
-973586697
-910509658
510738919
-1527848804
-1047195396
1671083167
1134833297
-1469633255
-833152595
996845733
1031869931
469378187
-1830852148
-500170355
-2145061684
172932940
-1433165592
-19026746
1387741056
-276937800
828827579
-267612686
874544331
164224732
642624722
-772921160
-815723218
71603308
-1877080205
-1394633768
1157014120
102218234
811132090
684722559
-1734137025
2025288037
-2005507323
1628416219
1859139456
-1564486001
-1156448367
-1068483342
-1896474557
-1953835950
-117867931
-1628758865
-115457933
-1206266701
1827378286
-2095286211
-1475565172
-470957992
369232875
-1122654312
1075069094
1125843255
2056551178
-590524831
408330163
1972272272
974650579
1988978929
-244345084
-1454131172
240761925
1923913391
-1114551535
2046533254
-240070210
-304007770
-1826755975
-1723427046
-1297739105
2138186577
-132628409
-533994308
-195643601
-1435355463
1788126838
-360480742
1338047167
-1133459519
1692933303
574021925
997726735
1742395328
602638192
607153084
1865372656
-672288944
1988451080
-1467452502
1835126826
-1193999003
-1475594399
-1142289454
-1588096865
-174324831
-1086769243
-1055320920
1629868208
-1875264539
1770584646
-1306116637
340489951
-1686707413
-615078593
-1200296080
-1771012940
-1141643886
267152031
-327004759
-1529253659
-1166825542
1316573511
-778318650
445544368
1056999761
-778811919
-1851324525
-179868277
935754990
1391507573
-1325150877
2049249280
1087785245
-60208825
-1246979260
1599688913
2025014970
-1899410620
1313404019
224343906
-103927678
637935021
-651669998
-377162664
-131803162
-567958925
-1487699432
579931004
-1654140126
1008686260
407764360
-1049249819
-628852594
-421936251
1056906725
1234431574
-998065356
910062834
1791980004
541172196
-913589086
-176523966
-393424541
1214066396
1122445312
2049054334
6520986
-420343838
520792676
-1202543564
-2140548465
261177693
-1531437980
475336568
-1726021937
-1270745326
-1965281044
-923740373
-99279270
1544914959
-911688366
114208895
-1274444834
-1363954486
-310186329
-1723944006
-1708268760
-1864193144
890175567
-1213329095
-1852310569
-1067421949
371738580
1163170487
1257552722
-1164344506
-1288853002
-1167954737
1391921659
-1943862052
1878510854
-8706882
-1194739804
-1667461591
-447767437
902991470
-229688511
-167735530
1880158629
1208821423
1265711583
498072308
529430025
-363508281
1802307797
-1292865383
-1031204244
-416602580
539598648
1751269583
-1000439923
-1030939761
796306067
-161089809
-902312980
-1435281892
-539247913
-1715517496
-214308120
-1434935808
-375801456
-29521212
71803144
1026519851
-1410326439
-418373299
-251305576
-1203085994
-1378180462
-269520788
1170534775
229292103
1670594127
-1180086093
705159983
-757497773
-428873581
875173981
-1767555002
379708196
846350525
1577690035
244315091
-373450564
-1219283134
1077280688
-1560229293
-1879095111
-1321536612
-1983145241
1419778749
-2090369062
452085121
-2033901404
1484287187
-27985471
-546833064
707486289
1513926842
-574012678
-1373009944
470807323
1258413004
-725158084
-450590382
-1557964331
2100625069
509550573
-51203263
1935801628
-376166244
-514361621
-615495073
-446616134
1048685579
380342665
611389194
2121790287
1617860720
130496471
-823231161
-2020245714
-258835107
-226989018
-901408778
1632725380
1140050638
1669064394
-729173177
1574968511
-2128256319
-1116796383
-1135283604
-547876052
-1001181172
-987852076
1196846223
-530920734
-1467951510
232360028
124333318
-1593928738
930795478
-1528548920
1058964165
268737647
1764461340
1251939004
-161918188
1933107156
1007378348
246559932
-549493887
1871698723
1417374385
-221429590
916508439
-1401934741
-1790400159
-1047450483
1615141583
332693532
2039866518
88113555
1385209158
-187404121
624968093
-1205895592
-1662243408
-974570399
1035701326
658348392
-863744500
-902990420
396398172
-1812584446
2056537240
-1356525224
-1644623890
1896754463
1774508167
965572422
1694113134
-231631694
-1133664783
227244366
-2087235937
-671981776
-1492959989
1938248802
1399147253
-2087681711
-1343520617
-43704333
-437962976
83459096
-476776547
298471315
2126919657
-556076783
-1471871397
2064067291
1832146498
143898329
-1948499335
524640142
1076433047
1753428451
1846498945
1577783806
740502890
-1024526984
1854285965
909381550
15770398
1454567679
-1623574463
897124408
-846288622
158379390
1938319355
1370943601
600917489
-852074656
2063181129
-1700334646
1187311431
-1981886344
520692891
1121556472
-1294856616
1224173125
-1134156743
-959580457
-1227653588
738838647
-1516606858
321401483
-288467218
385543090
-170003675
-174553112
-1660249481
990479505
-629964724
20357907
842110500
1595025133
1450246679
1697323625
-99611153
-278948514
-342750705
767243167
1441236157
1588724993
-505299573
-1838590167
1075525108
194009467
-1293091994
-2111908385
-323316656
-861758146
-352016142
-1501960994
808739319
486881803
1596152363
-744164436
916108746
41465271
260622639
-389365601
-477003267
-1689651407
1498468589
-930295938
-1568247831
1963677634
192077597
1863853672
1231693088
-1879636841
-1728966289
-1899072268
319833537
962032764
2044031494
859310489
1390200846
-1445267990
167970599
106248528
-558207685
-813459133
-7362003
749477239
-541101176
-1640694949
1153489344
-1697002504
-1297951343
838186042
1813838662
171732394
1081453284
-2095944161
-1715880040
-1413622025
322534868
850192584
331325177
-1373862210
-903501172
1579248880
1611964483
176893817
872094566
-2058259431
93314914
-1654837598
-1947797891
2072676491
-2026207482
-889678254
1147801728
1890361755
-952487532
699182379
-1396426551
1084457008
-1471421091
1503004792
499102381
108711811
-277471215
984065170
1537896469
378342949
923510133
-1870487675
1913643341
-322337978
1333790035
1111259634
-2086703588
-1190280141
-47575886
1271792182
987294740
944999968
1528796743
367218123
-1478908374
-1371801561
-1105629653
-781753106
708430216
-1819459184
637877453
481068162
1687374753
-339165102
-1126781655
985406004
1330158982
-229461030
-1668791751
-2140676386
313704567
-1224867830
-531656788
-261639376
-213676099
1584010372
-1794127403
-697949555
-173911114
-1665039321
1582358758
848801842
-225054159
-45346599
-156198051
43471517
737234940
-147902585
673604541
-1694187221
2045491130
1273251945
2026487169
-301500413
1419270649
-694405238
-816409267
2141427251
483211906
-1321479801
1856626790
133954071
2080055027
1276473494
1009008484
527384577
-1333964149
-180367926
-1450731482
1865647894
1828803396
61516436
1522522885
-1930485642
856931367
-585757044
-1168742581
252349599
-203357989
-719774351
-682442010
1549429522
1275973246
716294510
-1002268328
-226082761
-109828681
1906763166
474887665
897267069
-1597013493
-2120590126
-1612845760
-1920452667
-1624006032
-1639870319
162015686
-1951197184
1288619807
1058415711
1179062253
-1028877802
-1389266770
2033301826
1190128952
-389849591
1248013405
673930625
1523967674
-90919078
-1263773265
586527919
-1520133428
1765459627
2121520444
-332850201
823568889
-1214219867
1125549253
-1038791080
-1032365251
1135269147
1719517321
-559264253
-602026129
-1353171601
1655305686
1107334339
-27035654
1980150068
497835746
-129707635
-1417755437
-1727458795
1860428763
1565242873
-439992922
-20080652
-1963034309
559323137
-110134702
-1890201003
-192835743
2077879303
1616948888
1508039677
263284573
111336220
1424145678
415147222
-304586485
-1379305089
1382876505
1396012565
-93546910
1001480547
-509386342
-1453255522
765679629
-1808615948
-516815064
-1550244442
1491558203
992072348
1069170304
-1233995366
866109619
1493969537
918431353
913514815
2130914602
-379249582
1789458107
1110995225
-141333800
-272253373
1945400689
1763464977
-1080822712
-1701910955
-935095235
494675537
1888860271
-1200819494
2069194860
253443442
1615919104
1076959032
238219882
-104650023
-1078551554
1198272748
1647143032
-2003356835
-945299054
1349740754
-1133905765
-842588371
-295932130
-2076760926
-1592576553
-1029213967
1080829585
735644861
-1441291107
-67933394
569592060
-1988744662
-1881138559
-1956673554
1956429669
1130782938
-1981815505
552158879
-3695397
-1316828621
1418456223
1035695163
-306565686
85504971
1499808904
1850495401
-1121572720
38225524
798417169
1808612450
2120667984
-1595795080
1735221966
-61227688
18559749
-1143785947
-68473366
-674356718
1984665561
211505035
-81117025
-1962146789
1315642038
624374403
-882869010
-1091214691
-428154851
1235071476
-1368237684
-1043516856
631125047
-747007151
-1001705957
859211639
164353065
-755548315
1005686425
452574869
1882847404
-1900659886
-943625699
55133885
434632155
1198173654
-644030273
1320546976
260146255
-1447332656
-209713960
2057106347
1996818280
-693268734
921893739
1054335849
-1705548563
414572056
-979816478
353992485
226836951
-1248426775
-573337860
468187603
1864022121
-742562308
-2091451131
483395631
1375198084
-517110196
66550600
-1183184090
1067031352
441800783
-2013548350
167574645
20176542
-992988364
-766260713
-832503408
645064420
-47089044
1263133897
1744685252
260525992
-337888916
-957253209
729748639
646004874
735197104
1123973763
-199485041
-684416004
-1013855998
486807335
-902524472
-1373014181
1674173948
1034313096
-1521439893
-1548187581
-1776281398
373893436
-240175900
1504064286
129821236
2021266985
1314892691
747763454
1410202331
-1745196418
-1734602578
-1196756308
1416586434
2099850215
-1779390364
1871093505
1970307344
-857943044
-1761736890
1291344499
1651592723
-943761415
310645218
-1617061390
950120840
1698068404
841667248
1354486516
-1556341991
1343064011
1919437362
-1958055218
-932623578
-1665848548
187735382
349468486
-791461433
1430302585
-1173338594
-243106715
1607047697
1703936412
2116430466
-262712432
1463408024
898657368
-848446060
-1162446887
1440898101
-143812847
254250725
-873663598
391066633
-1355843730
-1422857177
-269841629
412857793
-2015810996
-1744733933
1289896221
48546075
-1561860107
-82845299
-1754888306
-2129971801
558925713
-2016605692
-2063158634
2048832466
1410155996
-763928033
1404600378
-1731925472
1697956633
-1409401451
-709768840
-2106461512
749628486
-582527140
-1090277222
-611678939
-2077768816
-1465457915
1703534799
-405733286
1076968456
1786564710
30782198
1024102647
-543122281
2079335801
568740797
416937930
566369839
921408131
301729514
-1096698729
-1765754557
655139960
-974732296
387422491
658593400
845756829
1528031205
760219726
-1212950884
-584770449
-895866806
614950377
-594008617
-435427133
1338930091
-1269532121
-299577825
-419324114
1959693072
-254358066
1050655985
-1805743450
-2010963756
1293959792
1318137917
-1066312600
1852084412
-443979026
1342439073
-1498635748
-1645574837
-1181456323
1300606682
-760022473
2051022419
-545632660
-1110699401
2093460129
-291803953
-1581558299
151869390
-1788904041
-617588752
195714290
-1804417228
1055394001
-970702987
-1569686141
-908222617
-845561113
-144117953
-594691282
2042152271
-477394193
1008384036
-1767371402
151599846
428115563
-1687764477
164252239
2056950131
896760162
968616727
692630753
1447283453
-197067572
5884048
1436103820
1075076862
1210332978
-1267295137
-909543380
838882903
-453510250
1668174929
1662880157
1755165316
1938322063
637134431
1912968577
1307874320
-1716538952
-1936744893
1094839104
-679029685
-1583749813
-1342033842
1207466320
-1379203527
1156575240
477996408
1844398517
111284940
1932633435
660501688
173261515
-787618730
-1284046403
-615490154
-38883261
-907881160
-2090728103
1994905598
1663129706
1721030111
897651955
-1983763115
1141383601
2145156593
-621017851
1751486161
-1344041879
150961346
-1520159958
-388252411
-785349427
1565203724
2015515072
-426306373
-1964682939
721866719
-1954362937
-992275195
-640114455
1561326294
-1475619057
954118806
1705803331
-1448131189
-1646869870
-781185971
640625241
1632354892
-749215970
-1907993326
-792714263
1906691598
-1617482697
245892837
1969741558
1031861153
1200997178
1792586548
-1590366077
1146199589
-205884731
1059259500
-614878562
-1259895108
2061642838
797492433
11642015
-261830272
190261298
-1318322542
-33158223
-212019785
1086055303
35752215
-1730308207
1089842501
925195476
1066309534
1092292502
-1432803487
1769091720
-805823227
2003520496
2104175243
1235388393
-247195416
-574423244
-929754691
1338954807
56238574
-63892457
-1815760672
-442892272
508674400
-1655528583
-1354191743
-354585322
-923634693
520210085
-301000508
1259602894
1207067654
1839778263
-248605800
334676939
1872638117
-1623751939
-2097459668
-219327989
560289391
1313919170
-650856031
-749399648
-2106847938
992118215
-385627392
1335448210
1761390407
632964147
1879378541
-1339522301
-1178600087
-506589843
310895004
-1747923308
1145361609
-434664920
1137696132
847302663
-975885922
-305312097
-524560557
-1775290075
-887137463
162897697
-217958239
12227810
1108882856
-603817776
-361705753
385910718
1324037035
-690036059
1569841714
1132343917
-703342810
-1651389770
-1426095341
-1279157574
-1273746968
194704315
1808352217
1175338663
-1511408627
-1737312562
-857747199
1779774937
-442256496
-1981964943
-1933763347
-1698462414
-1181630172
-1504634923
1790382804
-1573943105
61673027
1559679833
1775633658
1708693461
-279349114
-441420464
-253277664
117065590
1856941623
-111821305
-803750340
-756617480
1667104804
-41723899
-1058465171
-663530776
994245813
-403646572
2064668712
599235115
-218486719
-2018988416
-688221257
789049702
-356882788
652548126
1083777508
961118367
-1469912588
-1291763313
2045562097
-51472604
2121841373
1763586630
399731914
-231788117
1743531433
-770754362
1813663357
2025930426
489675005
119136176
-1727324439
1000752456
766501280
2001841916
735071413
47862180
-1974358122
-484950650
-546761340
1024085142
-2020515731
-187803956
-1867206042
-2060050237
-1588360490
-1152698122
681531281
-1752870315
-1126750346
-1870975211
2062744400
-1009062693
-543378690
1691814831
704190522
1310714733
1104469368
-2089138309
1480187559
302612243
-918922524
850774120
-713520800
-1936533658
-1419794173
-430336796
-103560811
1723355512
-1649222031
1540355930
887914003
763113712
1392957177
13161979
-1771820619
-652523655
1670533412
-1948499264
338156827
-1831195043
1112199443
259491760
-653031526
607778412
-896902002
-354929826
1858397042
502100514
-934517668
1997334965
-1892388538
-287932920
-985698604
-819200777
-115460408
1441065818
1387157428
-2022960381
-592759629
992407785
85801264
-20227370
-1486370818
-1762310589
-1079815602
1723209299
-559781298
-1876734704
-1278443920
-605717434
-921598549
-172102466
1684148786
2008823462
1263947638
610927712
-551276170
435552538
702406298
-585263405
1887040188
-1814811714
-318705406
-1862462174
229630902
-1605827034
-1386867638
-824677589
734118683
-1136626014
-852417096
1482273410
1529185211
256131523
75914605
-1716408428
-908399405
2074002974
-2062133033
-592675569
1298426786
-167301041
1898698857
1239091585
864217659
202271552
1854612622
908348223
1272430493
640962731
79580634
316362375
858590464
2063654365
1625865346
-1197112855
1146494065
-1141542725
1828700942
1951327458
-409037664
1877365002
1005398092
-564134711
-1848076808
1619855850
721149063
-450645010
1015485680
-282568797
-1036104199
-1157003521
-1432156768
101100963
77664381
1664263341
1850682519
1864669383
743689352
297722768
1958193387
-623345191
-1671583398
1599648328
1268222864
-652635047
1808901743
-1513265692
1622151149
2089274752
1567266876
-1603171706
-64861780
-1674086527
1318960151
1692867142
-1806345263
-2136828655
1454249846
-506085802
-1843360498
-850984663
-1875241381
-1752990105
2140261716
1134577418
828382479
608076363
-1877049171
1771599489
1865285901
1517210076
798335816
-1921288084
735747393
-500105445
-620258603
942450556
-1954024078
1120519835
-1790359277
68596027
-465593093
-1689046496
1157444518
1883898705
-1430104895
872167810
-1117334227
-1816246014
-908127136
1951161815
-84317292
1089453306
2090136231
492559056
-1445668954
-296135860
1065787718
-82638237
-1535614491
-1864826952
-1552060475
-1953898838
354187421
35363884
-735770184
2043319818
-241059018
-754830451
319317041
-1211560553
-367728950
-792021834
2053869173
-1533913673
-1448314889
-1746775616
1294293489
97414405
-1558309387
1625821059
1398213998
-655866505
142023402
-1748350627
655333251
-1362200638
361024892
-1705890511
1925903435
-1753134852
1603149736
1327264690
-2053785000
-1362565501
1726613201
-1070671647
11010791
1538849821
2082128156
-380757804
-271965868
-413857696
197630970
-500140872
1007214032
1979388756
1215565829
602211352
-295295152
-781145258
-1217640944
260593246
831418568
415779902
2102155640
115550362
-311808616
101946564
386460608
1310208898
1759912262
1513680415
-72032931
-867019335
-1127975314
1535740398
178864077
1488232019
1760809206
-2044798373
-1770924819
350354329
-603402363
1406462078
-802050164
-276131320
-1253461963
-1087820546
-1504130758
-1815543905
1954745478
513527550
1035772262
368709466
-757604202
-1750373067
-1028441689
-1336041223
1143886222
2137118046
-1175387303
-243807995
-184686753
-51753517
1541378668
940928276
-1017434706
2131776884
439101816
491249739
795340812
-1978663475
-1012239597
534725668
2114880874
-300989577
-275186586
790868336
1818353355
438962366
1679443198
-2146865761
-245150405
1651545732
361658335
-652431297
-225824001
986892132
-2102976033
1780858050
1014567949
-1947188966
-2066777808
-1924246397
-133252674
-211263455
-216462787
-190986997
-1682350655
1842002333
-2004492870
-936307057
-1663233965
787699579
-1970902026
-605479235
-193081940
1286345430
1930621299
782269367
-1468991812
-115429220
-131270473
1704442719
-1369366249
-449207183
-636539548
2095461077
-1825934804
-1461477934
-417411962
-979219907
-1228604995
-839367811
840123948
-597933883
-1235894389
97173776
-251796423
582135013
-766085040
-1114567952
1545898619
-1787282199
-112257551
1860500588
-146807812
2052488108
1335600883
-860441567
1474204056
1011981733
-177456850
215863967
-306958897
307075623
-992758847
-1322418356
-692831780
1710560484
1435884614
583620488
-28948474
-664347726
-1028392123
1572318226
-572393675
-1391002479
700109805
-1550864215
859214791
245151724
1288430336
1760068086
-34901596
1291244319
25630991
1276650920
-2109516913
-446427335
2006549479
455076064
-406948929
-511326206
-452420789
-1533689648
679215534
845086527
-1013373726
170955166
1356146992
-333293516
-1389632654
1972862861
-1011288378
1172686697
-1411807922
-1217221026
686927155
-1803879759
-784693747
1874727668
2079416400
-31998617
1709111164
-1153090762
491579676
-1117135621
2042979797
-13029320
-605452521
-1704570452
-2143440
-1488988515
1179828943
-304369770
-1935358407
-2039582410
-1376557638
2127307759
-509573086
-292083217
-1505387706
-1106017651
1895312859
-2056534806
1320914734
170010539
864319616
-764026388
-798810865
1910354411
2102401299
-2046332936
1834771770
-549136226
-695532693
-2041825479
-1453040949
679731779
1567325291
-19948252
489791226
-2063892659
1733646197
2119698141
-1284293199
-1819013847
1077090081
-1054114342
1931878237
215188863
1031005481
552041158
-1058061304
1976343991
1239193000
-246416729
-1518986329
-2057184578
2005477763
-518503870
983273392
1136631049
-1721793497
-118885443
-903900688
1486645465
-334804876
538270342
1594901658
536800961
732303608
1604325747
-579137630
1530763365
1169061728
269838123
42547019
350461315
170106666
-154262333
-1346975746
1046734135
-1446889569
983276203
1600908126
-566085766
2109417728
1344018379
-1255277928
1222607595
101409023
968699624
2032067071
-845268270
1914663536
148008525
2060888535
-1176497823
-1964704704
-1435669082
1812740208
1403949628
-787018843
235820590
-1388338826
-84647622
-441324137
1544702220
-957770105
-2109398675
1615733630
-1606989830
903400710
-745650081
-2031522004
1206092840
-1298174674
1777033630
-1751111156
-2041039009
-276832662
612140667
-1639425125
-388600984
1063879906
-1899622898
-117226728
-1807854675
-661961639
1309456764
2129741943
588782881
-1492460491
-795746181
-1367373670
1618958429
1976398047
1204249110
-863670077
140009995
-1255221683
164322733
-1780736701
-909546105
1330278364
-1661470656
696282999
1818695106
-799950494
1515434476
1827409652
-1256286102
211406211
-177008716
509659649
1810243399
1321893187
-1977311868
-2069558971
1088273384
-1137783587
-1907585933
-1738061119
-1122895490
-590353966
820343112
1013569535
-2101663481
1040248388
175105855
-1376310389
-522007634
-1181547133
1467161356
-1976387166
-922042511
-1622227480
1330414112
1306595369
285741572
2059981794
414007850
-8551968
1107140084
1920279117
-1240986400
505598167
360764943
-683842550
1595569150
237997088
-575315197
-753630517
-1243022961
367400133
47347525
-1303761106
1026908266
-875332100
978255156
-738271731
1357578495
1304935577
1075839869
1128908563
-2039142829
350017987
1799818176
-1985496941
-139479224
414325994
446963572
-1117596524
1063432226
-1126473480
2010763015
-1055880400
1312632902
-1227618106
-1706066104
1296328221
860692547
1808287441
2118166793
-1200916084
926725142
-612455379
1099820799
-1683124687
2121223593
-472436040
-2081477139
-605136734
-810843235
-839633261
-529274111
1155158501
597184584
-1368059186
489800830
-1634728637
-1859146495
611407202
-1445541734
-567285918
-727114342
-1705066909
1087362729
61475474
-1518145491
-134513035
1192324730
885146726
-310823653
133785727
-829189632
1404606599
-1851411631
-155317601
-1116234444
1754070212
1089756365
-1135156643
-1982252998
-1011692948
-1010038944
-369090526
-1766209598
1769566431
-1065128523
-695226902
-1954021456
-1951056542
993442961
469593400
-474252289
613174323
907161692
-1906515894
2031518690
116979421
1969915615
-1993624946
1604213548
1624527821
1094994254
-1776561068
545048048
-61826268
142029449
-273211964
788767340
-453737266
-2002045538
1436921105
1932901666
463860690
-700389230
-1623231506
1975927623
-10255637
-1743825055
-1230723007
1018328929
305251928
-1862433982
1646267414
1135578155
-189114640
891163182
-430882603
1524681147
1416100472
1566044835
-120809033
652763366
682392888
202307493
1136730486
-1314418461
-506326837
-1158958843
1728890692
153682733
260260919
1980892133
-1389238531
-1938128466
-732829379
-2146809990
-1038049121
-622236903
389446385
-1013388781
-2114342151
-1553495657
-2121868916
-1577262502
1175965090
-166449243
-1065586816
-456298278
-100168148
-2092974277
1380914124
-1221331519
937794714
268304177
292240785
-2100896026
-417490162
-1430396194
966745317
-1659440628
-2130977594
144943106
1686465767
-1672448152
-1892738999
1221357285
-517270765
1868957792
7768284
-479153985
1481367511
-2125265259
311178043
709703770
932611174
190840611
1159872901
-1139769098
1286541771
-1741455833
-1144673673
268738412
153982272
-1390537087
-1025009700
-1744037483
1828300223
-1330077222
-1435353020
1468682219
-1319586087
-774374168
-1654315020
-1942594191
-1106361145
-934689808
-2059404004
-1671327280
-1068880450
1845613452
-792558769
-886511166
169004167
194548142
1123762735
-1197790797
-1516394418
-1300872476
-653923481
-665616731
-874328647
-1844973603
-1519014946
1453508947
233055548
270442283
-143205336
1231026073
1843616427
-949885111
-1267284928
404361234
-1504302576
-439673632
-589863308
904713218
1225926078
-1196515003
1646298528
803412854
1730562470
1210914118
-830580066
-1277145174
-764809240
-2126613466
-2056147716
800892842
1512962733
-1608164635
1402749679
-2066347205
1307985715
-449249341
-2100306808
-1273905158
284081704
1876467207
389361189
1734952134
808490300
-1086105092
1304661545
-1965097125
-1574857231
1799086396
-224835089
1432199231
260079029
1192184624
-363866629
-321953568
340708145
889912790
57036146
1441300478
-1460040477
1592105669
932181196
1643290694
-1876425494
2103130222
1197192135
1906109759
78657056
108882851
-1736131938
-173069719
-1835094419
-214178467
2005649018
-1011085149
926949978
-911038279
54245673
1876008397
-1678725660
1998003524
-1011648499
-1695794515
-1755459950
-2115141257
431638102
1658575638
-2044368183
1069842820
-1648161165
429423686
2139978335
156038739
861294277
32875920
-1028316051
813699271
-52322923
-864366790
-581343640
-1897499324
-1469646776
-618605656
1012177010
1916210037
1584746960
1007865529
-526294291
330073674
1165431910
-996995216
2132736337
2128406592
1392151157
-1811218474
383626815
936282084
-2040306983
-2041108705
379073750
834295961
-1816935352
432974347
527377220
-391939176
487498768
194506127
-968783201
468213048
1971082242
1372733364
-279529484
-1351490961
1385528238
825666238
1589277344
1349085848
206041296
1632654991
1273908190
1504094581
86778633
-1718674355
1990710177
395484536
2048462545
1887252546
-1115896156
1934435901
1611656107
1200293380
1004243390
2109144923
-1283978853
-1888300331
-1145076102
-1797643428
-298413611
627528268
-428458778
2101795593
2058690230
-430460620
1069751979
-711197462
1403346679
97305267
352159582
-1730862836
1920940063
-947788882
933586452
-866005756
-862315463
538849388
2107665467
364174388
-275151161
-1869025159
-1843735129
1747691596
-1930439434
-2095162164
-299622933
-1407142381
-1598427886
637019179
-1194248470
-1829377433
1030318395
2068795854
-1993141075
1847495554
987380057
970160706
1510580853
15831678
533459021
1957515920
-1928825580
-628027110
394670184
2128680350
1392758392
-960778306
-705500384
1906793428
-1263417720
-1909880900
435185664
1552500994
1712631090
1365630424
1665681120
-881380224
1918958020
-936673014
1054339414
-1193332842
679631739
593613185
-1018548372
-1841623522
-695681191
87340011
-225913966
-219949720
1031757627
1235350771
1527296470
-1921862307
-188928470
1182458123
-1484695982
903213030
-2065746448
-729738133
-1631244572
-1883090290
-57493010
942786392
797318180
-460315035
1566454573
-1069344087
-2145542766
-1961051609
167082418
1309354118
137301263
-96998754
2073472789
-1589584525
-1670537842
-1799926460
-441270700
419618188
590811403
-474029781
536708324
403765778
-1370531397
-764843487
-1943078647
-1914111195
-1307010428
-2080843250
-1484791449
-1975533102
2019965615
492399777
1434579415
-1336146352
599851227
-901228245
-1952685698
-597150073
987588916
1654474
124997148
438646993
-765154587
-2111590710
-401506143
-222292221
-935059254
-1735100089
-284072187
589878702
-692188822
-940269546
-2055514280
-1922499679
2041696804
-797830171
1557950488
39620018
356606375
-569073760
964340162
-1374125379
-1789127257
1355523606
-2084573781
477492205
-519084084
-219703844
641680911
350850361
906522094
-1873004687
-933987478
-649919951
2142284159
-950584926
76526342
-1972860166
1694751304
1569234991
52683477
-992039529
1877198936
187758767
749219456
-1658005655
-477480648
1340307888
367624639
1983089400
-1794603933
-1289195486
-2088043541
831596019
331840244
-1626431756
2030633168
-1333886091
1341232801
-2105510657
-878968121
-1034092919
-1931697177
-149144285
330652164
2042861808
489118599
-2137215825
413252908
2037467681
680697648
80835590
-964546773
1818671760
-2015015555
419280254
1350923843
1472851763
-995827423
-1637054837
-1923518361
1582999873
542920544
845799196
-1284712247
2087091772
-2066884160
-1613718716
51335856
-1801982926
-1425815808
-1606126819
1594281359
971763263
503265097
-885453592
1578014291
500028757
-301758557
-279605895
-1574589956
319908159
-1771046743
1104562897
-1294525073
-1686137374
1493208192
-1249606388
-1090474359
-433444667
-244690939
1911966077
1716048503
-1258331436
1121354565
977724439
1807144260
-2007080352
1896043825
-1432714482
1056235187
-1409701526
-1610078574
-2084179779
-101912498
-781892575
1931905082
-560101430
1911500990
243422120
-470783876
-1828928121
-1885267875
-1596849893
1923032029
-2083905893
1557811977
1322654931
905866507
-548341279
1150118715
-1236931095
1611218957
-460982897
1546097239
490862073
1132876987
-261629286
1219762756
1310305576
1507116145
-1393434023
1371894847
-1126008217
-1108289793
1262105192
1911474412
1414491128
-976999709
-157175090
-38371922
808285233
72592569
-978804126
-1348781257
-1478480257
-242150926
-1739747990
1061833058
108490925
-1900229948
-1173190012
-323005377
1488333926
-1415536799
153018825
-1292702097
-941136648
1891265643
-2102296018
-633445198
48643418
-1208896858
-1183127250
-437209410
2039112303
-1343623698
448487589
-201733806
1778013580
-1599150228
1567405823
-2041698935
2004441911
983004932
-1047734895
-722019981
1063195186
621701137
1192286534
-1964618271
-280824137
28865876
39752062
-1746655872
-1891215868
1953075240
-1717270222
1282373928
-1727302119
415950587
-1857618341
-1835530890
-1483672129
1991663353
-803574892
-305914473
-367744820
-983337719
76187645
878868326
1821471909
-1630750212
-866721437
1055139001
-543166204
393502211
-1887669091
810307064
-138817285
639729506
1719003192
2070446574
-1386457031
-90754973
-1972220586
1704832739
210133130
484534412
1035766482
-496822039
248689572
-1344056045
-1047800152
709222774
1748483359
1821752465
1595400596
719647795
-1216227131
1192978934
978426104
-1275171566
825082124
-960703811
793486082
1168427942
1637671392
-46437280
1584134413
1581483950
-755657820
2080400652
-382581688
-1317020942
1201504890
1571926936
1073012885
1954272338
1683801538
1676915379
-357520973
-439416805
1763470305
-1563640995
-98175330
-118918756
1293647427
1350791832
-46176459
-87401991
-677264990
422035038
124086301
-1707190210
1088927367
58824149
-1054109467
-982204746
1818205713
958406849
-1007468438
-1427240579
-838629644
1073142329
1693522813
298459732
-1274501436
-1063408995
985223618
1989578164
-1382513805
1545874630
-598684454
-2094410459
-1842040552
1454871167
-939545148
-1021656369
-1133369359
-1403134924
-586957696
-399031727
436565675
704665577
336047605
-1538786607
48846048
975870829
19817492
2091578963
1576884704
-1987940914
1708100668
169929294
2064833459
2119193615
-1846198304
-1462897284
-2059781538
-1346915048
1417710438
-1691883791
1417878373
1069074669
-1495990446
1268343407
1216764305
-704264413
1816768419
2101507576
1295559923
1280837774
2023769468
-2118880093
368135976
780734527
1906902791
-1458558285
1468014557
2088677293
21297558
684375781
2112032149
-1858553295
-1939504630
1154405640
753059497
1413610423
1136338808
334808531
953874064
-2136119630
-910468087
1294335986
-1636658336
-1578914480
-507547615
53274209
156041108
-1441482257
326964162
-2089566211
1795490831
-1419527474
-147125709
-183858088
-112269727
723236103
-265620516
846516684
607067976
-660221252
-1921297805
1463662802
-133728904
-1210457968
507718493
-614332268
856981662
1255452249
1520102478
-276506432
-1492002654
839337747
1665955378
1188891806
1583052077
2095920151
-339840433
337046372
1011286378
1644642187
-1252174422
-968463928
1255680015
-593794532
-888752470
-272893737
-1197532258
1234307050
1008851195
-1420366331
1354817255
1171470532
-1403350091
453892228
1495077330
-150524011
-2069760580
488003545
-1484962213
1859058973
778718313
-912570453
318120412
-676146717
-1454739351
2055820509
1516424850
-1654789271
1200520421
652693471
543654233
1183817889
502944995
1823526977
-1326442566
1907114400
140810987
1149173128
535564839
2085600913
1175912173
-1565224635
-1252430204
770656747
-129300894
664757858
197404393
347498982
-118967632
-195876417
1282955430
-1516294870
-232871470
438697980
1543591815
344749769
-1631468232
1341207704
-495963816
-366439057
299641579
1606764091
-108501589
-1162241576
-1615702796
1793188943
127522264
-566222719
-167335170
-709381676
1153118532
1850507937
1925878330
-1547509388
2038981094
339845722
1375082370
-798294315
1455209735
-897858004
-1154639936
-402294482
-63374264
-1085982807
-1871770991
-1075985636
-796835095
552180078
-2039033052
-1224795210
398439239
164898897
270941032
-1062644514
-14919514
-910926889
-298582682
-1910822182
1191405873
-664299032
1443987178
1156710690
-654367682
1075704261
343253865
587733115
1683673301
-652537287
1806194718
1840747076
1545117810
1507061518
-1313325451
-772156145
689732106
-985871934
-2122966867
-2109725070
554299723
-568159877
816307384
-1889825249
1702096424
-458895817
-660631195
815224370
-1948202860
1637649223
-1568646720
2106244298
772660364
906228989
-398568776
-413422886
-553002405
-1845387868
-1391712510
7701569
-1653778663
444571056
-1380745923
-1504418537
-1720884876
225313590
-243030953
-902406071
-285466958
107431069
424944174
411669351
-186141706
1998367382
1372522618
-452516932
-1440219199
-2083855031
-1827589143
-1478985569
244311995
-1153023792
-403908213
807749384
1277116083
-953078552
-1526921616
2134786661
1048479460
1525091301
2038363534
511805102
1593709690
835747046
-204447768
508759990
1762022484
662017354
-1346360595
-950742588
897530634
1609940322
-808380131
900679522
-1617878992
232006759
1650745586
-2114680716
-1837004324
-847052882
-759411203
20266635
999468133
1862732058
-769306546
1468009083
1542759021
-1380978479
831921689
981020458
-1169972958
209303089
-973223019
-1908304470
419343552
1316363269
-1551827673
180453002
68587865
-1126388749
475371456
1943827561
1668096984
1129512249
16683906
425284555
1998131011
-169463144
-2019568471
1419934767
-1530744257
-1639324785
154939048
-265322912
-5058343
-1233132340
-600967790
1068162059
1869880963
-1320180769
223134139
1979427985
-948640677
-2077554128
-1959179873
-796640482
-2061088845
764025651
-1686997503
711193082
-2048199475
-39468583
-1520102313
-1197725921
587149798
-116555447
-1495676059
635215370
1268817525
-65340209
87766567
733336277
2103190196
-1090417900
308824307
-1673764219
-1278422177
1533495439
275080415
-1542839135
1820249531
291003707
-142557857
-968963581
-984264743
1228695946
-727387086
-1410657039
738431259
-293515623
2078216063
-1553006993
1880891127
1781384612
600518202
2080660686
-1221410310
-1597932869
-1947361588
-80420984
2143891216
988782262
-1204536333
1184068687
-1132525310
941368421
1496724454
1627285859
293729855
-749527796
1501994428
-114237149
1522716382
1391781901
248545549
-994088217
373368547
-1748424217
1874408409
402969868
-619792192
-2066366881
-940559704
1178700879
801141791
1970674171
1889654515
377560158
1645950174
1845677751
1995739074
-1761696340
1109812827
-65001485
445546646
989486212
615454448
-2117725782
362523272
863987041
1760182209
142786281
2091582385
-1413832068
42812596
-1935883395
691740876
578307749
-1717571392
-1194289938
1681216794
-1117306538
-1950649749
1185982124
1612737669
-1256269820
597564557
342791560
-473799672
-69992264
1546907481
-1572399515
-814037939
-110013986
1739599261
657562670
1343586967
-1348625571
1783923272
286255370
594578402
745176295
-1756988883
1336475342
1011637831
-735736431
1553749510
-1367465293
-448637787
2136729765
114718906
658499656
-1251899267
-1966525513
998962658
412383146
-711102946
-253201930
-1554185079
-1170242831
994545409
426653891
-592291277
-1009803539
998246006
-816244345
1731506720
-1124338927
-1138842497
1807635649
877528273
-1038584657
-229582085
-1220138403
1051866059
179708261
608622854
-542352564
1391537562
1206381783
-200509281
-2033274800
-1455895016
33314205
-330243444
-551773673
891158254
-1241066113
380243066
-891797877
-2017928101
1100194015
1812952423
1774880616
-1294474700
-1852610186
-1239825340
-1592719858
-171285205
-533456830
-1605686059
1002815640
-847061933
-1623805249
243187420
-424788948
-1093288221
2023874388
2128282485
-1373611884
1386347065
1236516112
478579907
-786378483
-50576350
1257046677
-350004276
-928483745
1246154072
-1757767596
-201310047
-1153796563
-1280108469
1122116090
-616720190
1019691918
-263981020
875113257
-1626009665
108852443
-1002308602
-352982165
1145718306
719268554
125094550
-2061249181
-1027308916
1838011579
1855467965
842360133
-223358691
-1530698158
783019692
1169154695
2005284121
168317509
-1389792736
1929709784
-1991782201
-652026250
2132485351
-205927343
-13424740
-1658346172
516223137
1471720681
-2135105895
-1258268643
608571595
733039918
1134075633
1610848087
-577212423
290340914
647692014
-1852705984
-841869982
606421698
1398183188
-1118213517
-1764661599
-740994082
1238669702
908196204
-742047302
-1425448860
1693170088
-602206369
1921921882
-1286769139
2025718277
248183876
-1509536414
1645195677
1108410995
-817976266
-535731802
-888841130
1925288053
-97958915
-1473272591
2059398317
1606863839
-1802997015
644415052
281337408
-1236383296
2036043233
-351828353
-566848250
1370851707
-917977157
-1375994920
1414250439
-507307977
1592597197
1294937642
2142629327
-1178335623
558413763
1404020504
-1292940322
-195521522
1384320434
1826296467
-1804419998
1325741613
962510701
-1164498016
912309991
1514888157
-1603855849
2091266398
-1907959090
425694356
1415962873
2103388231
1827045692
365493536
-716602731
2110942134
36936277
-1987045686
-292484357
1424446376
-2003684950
1147235512
-1747687590
-1702366522
383645167
-1486181485
-665530663
-977522526
-96632847
-1224798359
183133351
1525007425
-1301375802
712657875
-1218353328
-1436364071
-1940400315
1353142874
-995458734
938817242
1652530360
-211641578
1634143984
-56052942
-1194403632
1720046488
261320005
-1613588787
-469609255
111482889
-2120309093
-1805020069
1419486766
1778653842
-1134555139
-694365611
1145477102
-609493762
1599122442
779974464
-1296106513
-1141907298
1148675851
1073624627
-812771598
-1925451667
1758756936
-222257257
263592984
-1510872717
1577694359
-2057291218
1691708309
984687981
1539440181
-597186474
1840416930
500657069
1815412184
-1122214515
1371339448
-1280996289
-2142281468
-602822601
152997370
611322189
1724570013
792466335
-1933859086
1508274884
1930787517
1196058171
876125567
1208113206
-292450617
-1801863117
-16428274
-2558719
1706310332
762224164
-1211140088
278461105
1142588108
-1250638816
-1831914357
1806704034
-1810791376
1982092537
-831969189
-492156950
-1064830922
483039679
-438569446
303470197
-382970723
1104756102
1851706807
853312624
1088167202
772211051
-747001308
-1926371093
1941846618
-520540967
-558418357
-1142379847
-1381275198
1256013320
-2074374846
1325747866
1478826772
-623993146
-2117449284
-975322212
1783385819
-547593862
1442420931
283775421
1649363529
-381728156
1475822499
1950797525
-2214840
445688105
-1235229399
-1959559758
933490638
-2099853682
-67650035
2130000772
-910047371
-767300989
77061292
325869435
1847705162
-1999552924
-1046901767
-1351487314
-1034118684
-1867575430
-1592443467
-654567874
2066610616
-216517177
787047390
-78191173
-800976980
321823490
-1664029340
-1699662907
-2117218839
-530358816
1058560546
437471990
488349173
-1857262187
-520381941
-640701185
-2059143936
1156544921
-1113183324
47989264
283793789
-72343121
1014115761
-1048274307
1783410164
-1904389598
-1885710285
-708041058
-2055482090
46733393
2136871057
870418678
2121401105
-125125778
-271184620
1366451862
-1490268123
490937730
-1330955368
-1346283069
-231579529
-134764365
2059984768
475392726
-1051708123
-157791031
1950227178
221819747
-806126950
428429550
1695700771
-668201059
-438376414
-1504576075
-334282659
1618215417
2130412736
-352492707
1608140959
717630736
-113711809
-792018859
-1179458052
-1390082103
-823478394
178211843
2095710215
-1493717066
740503344
1518561728
1218592901
1994522046
-579917988
1167165479
-607110300
-973684483
1464995264
-1487064945
901554668
-1525136409
-450041084
-1052964139
144307507
-268861517
-48423859
2001394014
2057202646
-1552637450
705991191
-2003259045
-1142292763
-384710515
-281630649
1380643662
-7613921
568530880
-996021376
2050672589
460942174
-712405341
-1216323660
498934918
1501392212
1502100927
45947902
-2140758653
-1320498825
1866580978
-329822289
-446396755
-985883334
1180054931
1916273830
814229910
253374077
-204090919
-1980681499
447288178
-474367163
-685823364
1847720287
1808777062
2060718255
-913989220
1134891030
-1930813179
1460018465
-1337499166
896255845
1591726870
270332355
-685230875
-2126960486
636743323
580642605
-1082598450
647367623
1254018574
2050218337
296275518
1703950041
99238125
-1663193349
-1996848274
-1184638487
-713100423
-927359065
-808408681
-850395950
-231076167
-755503662
-913510507
885764611
1028543685
-383318109
190792902
-1386536299
727989568
2072920876
-1041321160
-325007457
-1394551259
-33838628
-726452222
-1707580215
-1514967865
-136411336
1131036146
128882719
476463890
602910410
-461005208
-1967058137
1362023702
1849929049
1594838145
1816187188
-1635880250
884103513
1702497911
431021820
-1789120004
-1136494939
1803151686
1985054568
-1260553025
-1107336853
-981130605
-1561265749
1705164744
-645270426
-280429367
-2015904618
1284635970
-1290461613
-1653894779
-1699183831
1533102033
1217518237
-525963725
1492137580
1310681558
1440055642
-2099521799
1708935295
319372528
1556128378
-1803365421
718972144
1105098181
1947983933
-404460546
-873999796
-1580144639
1900248293
-1436109926
-1509615368
1700103838
1561431981
13143946
-723926207
1506714726
-1493035783
1006326686
949996208
-1300547402
-510964274
125148916
-2053273949
982461571
1666720387
-1716708709
1081290776
-971705438
1236892856
437976696
2006732492
1551431235
-1803629433
-402030483
670196612
1185124030
1773481209
1621529015
-1191222359
1569628050
-1278223428
62557847
-473703910
1771046313
-441190382
455590964
-1132609219
1449290464
-1723024117
742518975
-348493225
2022325447
1173138165
-1185209896
1624180253
642567076
1997755411
399873327
-612851061
-984885826
-1317617522
568360814
1092465139
-164101417
-1096114776
1023401302
1916301144
1311839225
112110647
-572673240
-1861045252
-1449997451
1162945104
1357209157
1920012855
1918488872
-1897335743
-200286952
-1068217975
-1791224064
-1212729147
861024563
1381328883
2017755582
-1166140302
-594722888
43134082
1014618620
1355749493
-1007627270
1197768491
1444235634
695820418
481929315
-1569123874
72149108
-761480187
1716296087
1652981460
519774142
-999014755
-919640103
-1222150100
-978066828
-214985782
1283566253
-210772811
-1251670941
-798436892
1637800639
1828570637
-407949172
-886044594
-88304125
1472521194
-436648989
-1216021269
954630684
-1813792585
840437844
1454034129
-672435967
-1346925726
-612316154
-1203215299
-505041954
-1906498956
-627265310
-1006370363
172132407
-1357276063
-264728490
-881379117
-406082733
235403553
1702059861
540813137
1349951447
-417519362
1027276450
-659828063
1860542896
1130214575
-745094322
-353312816
47105078
1916621478
-319585409
-1064232182
959239822
1204944294
1084042098
1069777487
-378557873
-519479145
1104027330
-619722906
-266887065
-1834439779
-2105742871
-1911587566
528654399
-1546901914
1989478407
1190683523
-2089886435
974984131
-1781546782
1260029967
-853930550
-230049158
439247661
-806081503
-483788172
-1682659495
-1587060979
-1507285135
469075157
1611496590
1286341848
1053210997
1486065299
-942218698
608496671
152960534
1837588970
-519934925
1340032750
-1624606297
1228439688
-1241216702
1900389714
462974994
-2099381065
-11546805
836955419
1708260180
1013170369
-666355461
-199849502
296424746
-112039793
1756637328
-196273843
1750599692
-1842835053
498746355
-616491119
1252359002
958317799
-958890485
1996181560
1210617557
2034065334
-718151345
-1419569373
-1483687600
-1254220326
190181277
-1716875822
1219255974
1462315718
712878922
-270305053
-1941155602
641195174
-177758855
2077059544
-2008960787
75857348
700280240
-1246346979
829743564
1001965613
-1669144920
2119322696
986416138
-178849900
1303856227
-1123973982
-931222605
454792565
944752516
-1353993755
-740178479
-1547803779
-1623062054
1454732615
-156376797
-482146264
867958845
-1817411401
99372556
1501847980
1428100509
-1284931995
1456916942
1483186965
-702420137
-678794104
447916279
-1019109456
-1260565814
17854811
84915483
-860165971
1925061674
1234725735
1898623426
-1910136577
-1365281133
357941767
-1296122716
1426205575
468524385
-1429521879
-611320557
-1348593808
1323302590
-1967795375
1689081528
1519054556
1290504059
1197076707
806228865
-597636160
-1433673692
648237985
-938755879
-1508190453
-636328115
42772337
-1652065254
580523533
1527708978
390834532
-24245697
297609750
-1127615361
2064329203
1027839710
-1857952162
-114574229
399273866
-586324396
697294884
-39020534
832421194
-376617151
1423531288
1186461411
-773062133
-615076042
636634109
345260736
680653727
-1735627091
-1206717558
-526829883
-458810787
1594961977
-742972527
-1819536444
1177915613
1508128510
86455395
1671054799
-819627008
-1629024158
826052721
-689942771
-518422734
-1663030012
1524106294
-403436591
-1612205838
374969580
-1047842732
-1043946520
1091490706
-1808127228
644119037
-1734099662
-1337993669
1709913031
-656466540
1146667891
-1945116108
1673728824
435111827
-186099349
-462981021
-2037811692
1883002798
-2066004189
-1970838765
1131960906
622441017
-75400823
-523993097
1784720042
1609614278
193652543
-358111634
-355442211
735386386
411659951
1697590792
-2138871659
992328993
1030357346
784587080
1715970820
-173205594
805613714
-2025117525
336585105
1759720872
-943165699
1054693865
-260527927
369891939
-2004837381
-716859526
717030547
-2128189845
1535093714
-1445520293
-2025268568
1547479831
-1436843703
-2104864751
1509519425
1726877724
1008553082
-16703763
-1124853999
-1339478153
-2121268500
-1606282606
84292981
308169616
-1267350303
1290661556
-1274995223
521946012
824034283
195810850
-1716033090
-2141328830
2002353860
-1094435835
1281936137
1107534465
275342943
748889449
-1396405794
-951097648
1348878394
-2055307523
1199186110
351772294
1009637878
-689599722
1238543437
-490248836
1311695400
-1228231687
-1891294649
-838260240
-36111759
-1595339175
1721926580
1650640044
-1137486133
-1887700962
-577339813
1066954598
225279526
-883572889
738996595
-903987862
-664600525
-1816089134
-1244788320
-659162506
1531196542
1685345274
-1296898019
483496932
757290690
1536037185
68815157
1682993166
-1605987208
-1423715378
-459645449
-1146071059
-569057360
1978946777
-1142862551
1043388163
1820105508
-718777051
1879576444
2146579834
51409802
-1303601714
2120620801
-754487155
-855115223
1155844420
458904027
-1241197273
1645663407
1249056919
-1444157386
-418701111
-337209791
-355346188
1421817207
1810451632
1982633426
-578871953
820634804
1290626870
1024873911
121884930
-1946863514
1453268856
-1235464069
-424975147
1075074397
1831135032
-436977936
-1051615553
-1082144525
1824444165
2102995846
1616923660
155631236
1003520153
217114335
267312256
-1443260387
916847489
-948194910
-1886246501
10018419
28637187
-1460392050
1116401183
661568533
-1093200837
974321618
-2014989873
2015918053
-1424543865
956978844
247934328
-1108827452
-9529308
-1941695504
-716412108
-832443252
628420377
-2043391046
1763059437
-1349135293
-1546656173
1995563813
-603245792
1372694412
-1285669615
846563117
-1772755485
-1606974112
-135553407
-966320013
-329461208
-1798809602
66143915
1635301455
-726183613
-1564542432
-389967474
96258859
-1155358551
710671214
1236981896
946234382
-1299933190
2000992311
201343482
-2127110793
-313181376
-1383090082
-2097322197
1271290732
-1449611911
-591165038
-1092357011
168907473
-1473820846
-2102622015
-1549752451
1401336317
-560343499
490819278
-1900589009
-76054902
-1542699131
-99306368
1464579914
-1501430676
-213302232
1716494782
1201115056
2107617860
353730629
1528568825
-1603545662
270458614
-1283865778
319703016
945701122
-381340552
-682169280
-458272133
-1356223495
-1948062739
75462185
-937855736
1959958106
2063238897
-1304018710
13863115
-376494746
1410519606
-416636354
621665677
562316946
990772559
843449082
-1085716575
1147132008
2042223564
-1935700842
-628319977
519175594
469410694
-1949390101
719059500
-1167720772
-307053509
1990026814
652793087
-1143120573
-694193060
937941372
875055242
-432669176
2072751909
1543915719
384390863
1894681890
-122232850
2112068657
-1142734255
-2136309676
-1201674559
314196678
1799868101
168385459
-280452565
-359808561
-1108584183
-862249844
1358973527
269972565
-1361577387
200666756
-1810896552
-918470940
-1112266064
-963670273
1946518725
699480976
-595552604
-1757478203
-368063350
261464636
1539447860
1165066723
1302684413
537948441
-277863666
-2090353201
1120932399
-795436691
1801634812
394192334
-1402633596
630109333
-617122912
-270856806
-84130170
951551309
-154590112
-1929455042
-284864523
60737837
-1263266914
305568069
1516184098
1207246454
1596765740
-797235693
1295603068
-1189871090
1207203839
-1680653935
-395034517
-69785143
766395169
-494911472
1712445788
1815789289
-226491924
-1431490202
-1274403300
1598307560
957190260
220587869
-1071199127
1406400628
1554829637
-603095474
-1582393402
39424698
2071583054
702696456
-1864169329
-901391130
-1746049253
-1047045899
-773898164
-1330057238
1392974154
577357695
-1316430007
378764415
994056247
-1415918161
-1791449243
-654403735
-292411655
-1415764713
566884394
-1762818562
1378504594
1976505586
840792094
-61780248
1478336097
1472756361
-653492392
-521268439
1441374427
-975801385
-191883435
-1455525025
-453928070
-1011576721
-256400373
466715977
-205214988
-181556067
-1640461761
-111927927
-754432848
-800269620
1663133459
1363046827
379964021
-1301741786
1372630242
1160468069
-2104416924
-1864629887
-1275610800
-1318150624
-2056676312
1071692153
-2106541924
-959161417
160782443
-736036647
-666965449
-808776323
1787514763
405755966
1148590746
785839236
-687439219
-188831234
-1656789420
-1387455460
1159252305
-1423755451
-1694590366
-1002908262
-1178428153
-339203199
-1627601470
-29971366
370709985
-670707201
36819018
-2076436986
-413757430
1986759126
-1743770955
2029216535
416000982
-1000696829
-2083329026
-624446565
-1920361159
2113740757
1979707376
607450169
-143327619
-1334363765
416598782
-122935438
284924463
-672825541
644785999
-1969455319
965795930
1972879348
-135635171
-2127164828
1516239607
-516691673
-2101647297
1921186644
-1683606109
1800398402
-1236441853
1153485202
2065673362
1876383389
418213441
951235755
471561923
-1938014823
-852137300
37448414
-2123645067
297799942
-771422357
891541539
-877034791
-703280699
733554151
-1244569233
-1962221048
-1737762130
-1626615066
-1592913866
-607763914
75706803
-99345703
-819367375
90942248
2107549509
1736331121
1306603873
-153020189
106856438
-1735749001
-974346158
-1866091355
-1001790369
1827191260
485947044
-1391777512
-1246858429
828760335
-410560057
726894021
-1763421708
953236366
-1878012411
-1635424826
-1424466187
-356320064
-447333435
552553919
179596000
-213292800
-85150451
477000975
1217895306
-500341764
-1632532664
-1164153279
500129124
-1312747456
-694672055
692740808
1805879075
-1589619699
-561500785
-792209941
1003393955
-420194449
1999638730
517874430
-1864034808
-1480044658
1216158877
843655890
1400753190
-1643173053
-314380635
-1039604626
-1780616414
-48302866
2109248442
1231996158
-838614439
-1805648506
739366772
948253451
-1356648320
2008753393
-1780512783
-2019657492
-2042140917
-1774988395
-1505119788
666626683
-1676834862
-1892714194
1692604560
-413847028
898869490
-1128946463
1929735909
1058207899
-1694422287
437324433
-1432742998
1133468996
-1464087259
1273694578
-1255450931
-1822298121
598680661
1317046235
894864024
1524900715
2000836512
-114804641
1870095669
2088135250
-151894115
-1185965027
887715444
333280207
-465271869
1402295895
667203018
416430884
-1507216885
-1526946495
2009492636
-11084112
120343763
-509668325
-1134034755
923628055
1311955717
-1761691007
272196405
619528130
1483409016
1198300417
-1767037116
663104906
-463129450
521929454
-337607258
-590792529
1153336638
1941230963
-171323369
-465027826
506551274
834952170
1004280088
-649167981
2009257748
1636624750
1708594163
274109419
-1371153963
-1414901842
677802237
-1971722882
617778127
1997155076
-1767622117
-1967092836
1281061709
1779719109
784724870
-1275565835
-1284010584
-372162342
-1368095534
-1255344562
-1089795604
-1734310001
-1261752789
1715521650
-621901382
-605248342
-453374494
415564134
-380695441
1920223935
-783484377
-1975901985
1719593093
344224194
-1423985896
-945231880
-1349355719
-1173175330
89436410
-700890081
-1834396050
1364296580
-462155067
-1269271216
1651467473
-1739374906
-1511231259
1381950342
829348924
786818020
-1085827009
1002002285
1065299551
1748110119
46231921
-1985967525
-1976399971
-1893430803
-1999660962
1235566977
-2099373005
846570245
-368285719
604399709
938976159
914516028
1927314943
-752230797
1984210495
1096950071
108133339
-303567813
519995703
300600195
-1592719740
-588999844
-455588712
1106577386
-1211282534
1060187675
-251539523
945883400
-78082477
-417066483
1561710584
-580692195
1947631807
1291528724
-1651079826
1153006883
880438611
1689893768
-1267240385
-1831603421
1909945508
788581043
2054182889
352573892
718300018
-727395709
1387800301
-560964828
1507878120
1236976506
-443759437
1451279594
1246106913
838958569
-455685206
1764077467
36616174
1563179868
-1585010253
-2042837203
-560490538
-1327129768
976928959
238029017
-1070083747
-1347795133
848588214
933923381
1428491913
706044323
949754266
130686337
-1257638239
-1423428469
284342508
-2083100864
1173182007
716821329
93412686
1893415178
-1846197399
-892165244
-1682064023
2098021792
-1149123998
1484980508
-1092298992
-1648524736
-1196511705
-435981837
1434128293
1678821691
-1710954096
-1109386124
1561556667
2146865604
1176444051
-1126664815
433458941
624087305
898007496
-1657316870
-1516814003
1727813767
-1957656536
704054923
-1437540817
1425163674
542002456
-1656249339
1692356968
-180332973
-1272237402
-2075764224
636218338
2096314253
-102230511
2082348320
-2112395310
234561602
-537597298
-1968526201
-1106900196
191647258
-1878868919
-112627062
-517927947
-713935035
-1144758359
-1425326938
1089936330
-1604090487
-227258152
1395982004
1902132320
-1699598690
-1017477246
-1792207524
-517520581
-984334919
871711451
-2032813113
977121092
-1493753242
-1458302489
-785602408
-173755227
1427675290
1902418933
2081621531
-1333746953
2084404744
165997932
-2136983105
1333397919
-80729933
1638354121
1821716161
568475253
28644036
2123357159
-2001922006
625420965
985526173
544508289
501472763
-1904442918
2047901229
1334580981
580495781
-2065774696
1591192709
513881674
-83999298
-638138647
-454369109
-1924463500
933643506
-1326817221
-1895794002
582771670
-1260968905
-661532280
-1715608582
315620103
-63513532
-824779593
65585133
219077592
-731998653
1584754754
-2145250903
80483989
-174622780
-812927464
30239531
-1571832437
-1811695115
568437955
1179875740
-1280303926
-186286064
-1951486259
-821001497
-123721172
1775771924
-215643040
1546954891
1667658133
-1729636169
-1569318100
1457849265
1117782395
-423685222
-2021826420
1179250305
1604787112
-1746941250
-934561301
-1993863504
-1666339266
-229465546
-700799132
291960157
-266872580
1771880222
-658367320
-775854051
815989439
-160921397
-774407132
1292412756
866796362
-379795133
765370467
858080710
2090935625
1080090863
416782256
-141204115
-1494612846
776208782
1928984063
-1462669940
-910324562
-1180130195
345563404
889032196
489495448
678735828
1857632964
2011145189
-408810300
471465923
-562721308
2104906567
1087909986
-2012068386
-136208160
-49845669
309457635
-232491867
769250053
793305532
1126758588
314124775
-1467439135
1487474186
-2138688919
99011704
-2077285150
334485177
1077456052
-751480543
-1419582148
314312230
1976738102
1571085015
-977336304
1979516651
2657054
2122426928
1681087690
1908056691
-486128592
-2025648110
1894740426
-629041968
715812368
5920685
-1734514362
-924513845
-2034717760
-1078862934
-1350911891
1307727676
-1235783833
1626061476
756757712
1937082524
1060528212
1987239639
-1887104003
2042793944
1501994305
476597526
-2145730195
-1952436377
-1145151781
-928911614
-860770657
1697575326
110476929
-1802548104
-343703164
-1384660670
71476556
-768874421
-1281800931
-655165601
165029711
2070819891
-81362846
1058140759
1593691935
522014724
-733718683
-622687683
865050005
-169408478
1960516279
-930810269
-210779694
439535411
1787488522
-1683883983
-1798615677
-1144688874
1699366679
-543662280
714303845
286608660
-1652829758
2113288838
-1176973813
-1435722411
44723835
205736763
878675166
1240224149
-114450970
-1805153188
-104909467
375918359
1559090365
-732830746
1256489671
-1322280999
-795148555
254824742
1712078221
-1486286072
-2128244449
-842257337
1134128555
-639440714
-2022913007
-1716368596
582187200
-1317329719
-333769019
821567360
-1079383908
1705350454
500404864
-1813241334
1911526915
-847702161
-429765322
-468639931
-732480592
1832896794
-1160595924
1772697903
-1940408932
-368242686
-1436141345
1678684769
1421766783
764915026
1537155620
107337311
1905970583
767905792
53621648
1058313009
-23757145
272128646
1089702169
-1977509838
982720066
-905457705
1761195260
241569319
-1414428600
567581584
763114978
-258327406
430159537
1307486574
2124458814
-17387448
1382557321
745504768
180120568
1370011457
579995963
525816477
969302863
15877551
253609489
-166412649
336549882
-1095067567
659394554
2142152624
-317390447
-1479137272
-1449978994
-1739921460
967217195
-2036219222
1935114575
-381434392
-489190841
-1644831467
147028018
2141808714
128460015
-701205881
-205745059
-1590970886
874019354
1334117677
-798579152
1715231600
-3260079
1098355705
1708316041
285206158
248180374
444635576
-211339964
-2036322864
-30778496
-1102223005
2066582272
-620661055
-1413456214
-502170700
1591758632
1493110704
-202508978
-18710020
2105092401
-1570025309
-882056404
1564627507
24407072
1717188492
-44372816
-413990832
-516860081
821892026
-1363407021
-635258661
1527717743
566817938
-1707254720
255996095
1650656208
-100085890
662198587
2008137316
1902375904
1117229348
-1701770306
-581013507
-1158903568
-91386406
-1979248028
170504990
2109495358
-848296614
590639243
-804560496
-1108483793
-1658278478
8056883
-158906520
-387540005
-705267331
147537452
-206801322
-1470436401
-1746399913
-46193552
1399192122
844626701
92510349
-1590524211
1548337916
-1025392297
-1320745708
1373439431
-2037655652
802405292
518435516
371747771
-1249302905
93788179
-119524955
-1130477497
1740539692
-1423353450
173649905
906583529
-1590312753
1243265169
1201540795
-1777482266
-1430541667
-1009007828
1880150598
-1178276244
-1446004481
-1121582555
-898342535
-1516710150
-210858958
-1564236334
-1961867125
-110350593
64902167
-1397325978
-236162310
181615297
-2135089849
-33633678
-1456369472
318481024
905861994
-2075751761
1611537097
-1759539238
-880393015
-1547795974
-1065178465
-1723679375
82236192
-993656161
1433377126
-373400374
-794067528
-1027137063
-1654056433
-83167624
-1377959755
172297881
-1384758584
512075897
-29375060
-273510266
1882372530
-186620193
-1890008712
-1115491515
-1324222250
-440196430
-449455282
-163061255
-335651496
-1977746668
-591515379
-472713459
-427985427
1779096742
-500708134
1585054768
-1138342774
874459946
-544628756
-1677109599
-1949472931
2129957226
-384706909
752843692
-795452160
817460055
-1790649889
996297075
-1722263572
839482996
-2128965233
-826986511
-457681621
459203700
789888136
-1449847236
4287057
-43725790
-960335465
1371424777
-1344307540
1183638656
349314521
-1887094923
1487922106
-1983347149
-65760183
9639682
1633583323
-1654126819
-1830223206
675516383
1518175815
606676043
-944578746
1009850475
1706089281
799516178
1199056102
139570940
1248181132
-923688332
-992514364
-203555621
-178112482
-332201529
-1200960850
-78043757
-50360557
-310236776
1873105932
1823458923
-1717727516
2031219148
965143604
751364656
806123736
-22329336
-899505155
575403319
-1517414727
-1986845358
1856613010
738905505
-1041893429
-517490184
1366676872
1789903840
-1627649799
-1916144720
1135351345
21167994
-1105986479
-1621704192
-180326350
789804044
-1278266446
415612127
682247506
1942725266
1297490628
-709291620
-634320235
2084219621
-1520346073
-450569729
-1096369527
-673287804
1453964782
1576157613
-1868130082
-456925802
97153358
-236642864
-440132804
891188015
102150546
777050871
1333726033
-1337405998
1049661010
-879499974
1267676712
1542700854
2102205667
1646194337
2104179905
-1704847795
-1687827183
-1203783739
756242909
-1947512191
-1453468405
-448971080
2120364312
1960822592
2128472222
650999841
-38601923
-1584598086
-1743278170
1271592619
1271768021
1489572585
-96096320
1955800224
150907905
1582901201
-1361863356
-186911792
-683022711
838142473
1023821682
-698734665
-217816780
1105278585
-742812694
-1249927714
-1726804135
1498310756
-1287766687
-198494079
802228661
-1758773592
-238532207
-275099791
-193366145
-1575718588
913992305
-1853502660
673084602
-841721061
1059700390
642993802
1308068297
-1230316553
1723376953
1843728841
-966293432
-224209200
1419679881
-669428468
-943529704
-506802100
488522882
1672776752
-1797470276
528118153
1946831886
-1535137472
-1695369501
1764160282
-317951541
-1374279398
1777543749
115651664
1399461887
-1971993006
-325738063
1859420858
-746828856
672921173
-561561241
1402951150
1623248791
1503368401
-816798814
-418675832
-2016618273
1247240532
1842261881
1893904242
-1161726712
1202991923
-614364953
-1878000539
1550633385
-1512044627
747761192
1951547568
155362294
-109490609
1746835014
39207736
1091177335
-1640753255
2053661938
1321813183
-138097669
877726177
-78805097
-550217368
1127295691
764690551
-319762516
494229114
1402288929
-592938743
-202645943
-592291740
-578386470
-1849871543
-96471811
1894851840
-1235748757
-621500724
-817725474
-313790949
-2130489583
-652168395
-1795183392
-1538181067
889351756
-6541678
-1470192534
179628420
115367821
1795175941
33044262
-363543233
-1030691539
72049830
-1152772840
988993304
622385569
-821357401
-1409424910
-1960013047
-721367572
1467289273
-962807131
1063103827
-1834050732
727862191
-1602420677
-376836413
1650056280
1963043936
524385251
-44463818
1142587616
706989008
-1407307699
1239920736
2060448182
762269585
730360888
417037000
194148148
970938983
-1002638776
54480662
-1673013441
1659110698
-1008711140
1762353552
-200319373
1721172464
-2027254113
-1264843294
1523107999
1911868778
-1462678114
-409675491
-516113293
1529680526
578243739
1463683073
547671672
-1306319754
-686602528
2071541119
1505509183
1969336967
-608438058
-1992309384
-1738413859
944970454
64556183
-2005626933
-463007850
952237766
-845300800
955203470
-911341097
1270611445
-190104948
2085085850
209122153
-685065384
671498270
-313692852
300408804
-871001948
-1217642467
-1418054006
-205438879
-138374161
1741302149
1147514884
-402231181
503567255
-127942980
-1352474948
1433247318
1602219106
-2026382621
-462465081
-890666391
285433318
-716228497
529450324
-19752487
-1597619925
508071159
149633005
-799221602
-1739045490
-1775890865
-254621699
258082475
-2122901529
-965888812
154094481
173554785
516003822
-1533096183
-56810398
-1009831356
1503559642
-617301406
-1307416045
1598445552
-1292672438
-170142368
861402294
735635021
1186144873
-566559011
279579540
-2124652287
1226394188
-637192536
-990987219
-312394970
-1311120483
1512846164
1481383293
1749848892
-740051330
-817495731
449381249
582826593
1372394151
499449643
-498669832
266173119
98666192
-2034054326
-691272338
1969639749
-2092357034
219412122
-503251595
1160777369
573070616
-1016885070
724921141
-780692660
-1927208542
-1804410581
1282623783
-71394481
1636660621
462086699
-949937891
1906363557
660360229
-34451392
-1641080443
-94470823
401674060
-267099282
1171000045
-1904646990
1728039581
-2026797686
-1620948535
-1345410138
-211917612
473209289
2145796212
-1352855413
40209260
450668947
25916788
-1516432876
1694643337
-82572643
1820703234
1983665530
-1136469224
-28618186
-1227866936
1466743801
-2110138060
1631562207
906790124
-1022698627
-1514109749
-1728489183
791124301
736546461
1916596865
289970331
93575179
917868488
-767130925
-1194065318
1003110988
-337620035
-886858369
70071149
-1733410755
1892325184
165494563
1536520887
899359063
1535038474
390806820
-1754959610
395500771
-566423296
21390289
313030244
662296255
-2006597208
442225351
1403818157
-909923230
-1829852968
-1590740074
-1941006495
699485724
-147410257
1399842468
-1998448453
931195042
1927870921
-266427823
-1442675710
-806067510
435055534
-1474232228
1822172446
-23366766
-479149942
1157662084
-783235731
-2019912602
1609087523
444247922
-1035663913
561533858
1465703942
-2106526507
-777992673
135187284
-1080746236
-367647793
1423846780
-547930041
1297820124
1026081423
-827840408
-2086523588
-786020039
-2032118210
-1279103050
892223098
-1039330082
-634538977
478309610
456458633
1892048927
1246544113
-1258188860
-22262471
-1423565934
-475512169
-542709474
862430697
1712987654
32942074
959389431
1328882181
-873068364
226552622
-1875440178
-1371172144
-1105413452
-185404973
-1916884172
48756067
386467762
-1524166723
895417756
-1197707276
1537123809
861179863
-1807270539
-1207738533
-607680721
1914922819
1254257530
-831440686
-1041165895
-1381665082
-2042091448
1496859644
843049856
1599602275
-953157328
-700092120
1149783389
-933877947
-968284594
566087638
1921257778
-1626355743
-1458278950
-1222743687
-1784746142
-580532645
-1334851395
-1942453122
138715010
1581235497
-1033315225
-1719626868
623104080
1690617334
-974899745
-305769203
-1634456861
-2053402936
991207963
399566573
-528689884
1244929380
-543213679
-1765682526
1929127804
2036327664
1711138061
-20032149
-1427600946
1302532570
1316723141
856582363
-1706185817
1123299321
306338474
-485142632
1435012020
692948721
-274409216
-872437152
618136180
298191066
2001886768
-1126213299
-178338771
-1625485533
1170022620
1043180889
1525616163
-1962925644
937973556
-277828061
885486343
2098074706
-1739285881
768112626
-1108641106
-234961336
-1122602979
-1645873670
-1522923262
513552450
-192148669
-2076410658
353288253
-844895109
1474600102
-212596362
626709075
-277439206
-1426275612
1245325265
-1862994513
1357698265
758706272
275498621
648507682
-100702744
-1874863531
1098021381
-75599080
2003516176
-318487251
-1525418822
-45602804
-1705566438
-693190125
-107301194
-44350403
2021922416
-1158860346
-659867107
1808790689
83308293
-784916304
1015619494
-1113429222
-292165006
2079543351
132390745
1274378727
1847371361
1348206930
-1786986086
-2095123876
-781670610
-238758818
191702117
-1936803115
1166387402
-1816243663
1742885082
-1975726104
763959779
-1447005585
785835260
-1134975783
675505473
-70864100
-2111302219
-171993262
1416752499
-891447950
-1150661347
5990995
-526213462
-1068854283
1500702971
-1683162009
463747812
989128132
-18817653
-1545556712
174900300
-230251728
591806593
1930765731
-1559123488
1763909522
36765773
1734899951
-1207723436
-133657512
-764327007
-1834824005
91889973
1212168545
-1193251537
1392774679
-1021742510
-2073950581
-1798103113
52247317
1201604439
-1448813943
1301192256
401963967
1242035129
-1027656967
-808979291
608565323
-714206503
901259701
1420383315
-57210227
956789859
322587496
-1051627185
96235692
-561665288
-1258308764
444410750
-455772392
-1530339060
990290099
-598996960
-523153989
-306915312
967592043
-166445155
1221000302
708064722
1590487366
-1371315324
-747394386
693683236
-19131279
-2037063472
-769053041
2102232764
1976754084
-1648893332
396498672
-994456742
-2146558862
85088248
-389045009
-813524945
638071010
401024205
906586271
1288313981
1618961725
1627503422
-1387432712
-1142749318
575847209
-714495967
498818831
-1528305286
929866230
-1312501107
-1067221882
-167443636
900996151
-1254657052
-1641605819
-1165678621
997337748
-1543697389
-1124238231
244880440
522358750
1306908184
2076001404
819388783
344212068
-308772668
2043151078
1055618360
1127161476
-1120915518
988436132
-2014440328
-784748924
2144012503
-22469065
1390378023
30612386
1847447914
-934262562
-1931729797
425892969
577069127
-1717170426
1997902406
805237830
-2041124961
1483365889
851761819
1025890394
1614568275
-1509993738
-414237512
-842773104
1803188081
872718616
1325397535
-1390521358
814885630
1737367322
927511813
-1825213640
1502046965
-1439615006
346836208
-1120731998
-1783385713
-743689604
915247515
1465128455
1403694533
195396945
-1772717028
1361240620
2101077778
1076930712
1040842312
-1515627943
-788244099
1722358795
110438486
922725673
-1968222762
-1203006498
207258817
274806434
1731588671
-1241480980
-356725133
-2129631868
425817838
642410547
874276127
-301784603
1556853552
1484635522
-183688210
634816765
-1361668432
-1735445136
-2050982307
992088638
2110974713
-232734064
-973469851
-1976602200
1259546936
-1488670238
-861747493
1235077978
-986748858
1257347723
1718747417
1590430827
-2138331418
1738085576
-1385671458
-1068532486
1837233738
1526623264
-414952590
1735974787
27674844
1753858265
1910896397
792441204
-994973382
1982287020
872979321
1475371263
1577115009
-326517061
353459446
631475250
-1385448755
1973543618
-768999075
-281961148
-34820864
-225638515
-272707705
1217353776
304527043
-799090519
-151521041
-543871609
114453962
-1472028834
-47351403
1638688386
-1383876773
-826597668
434016805
-551911850
-1217378032
-1903722573
-861650856
-1080542004
1947660762
1764163208
-366454374
1890018832
-148639927
-262385147
-610194451
-1980558392
-1678847221
-324207599
1508624652
-1808528536
1202896050
1273494081
1113415635
-590109244
-1234572358
864192909
1107707869
-1860363290
88206793
-196021946
1386718062
-1737077471
-1859261128
453806407
-45696109
2065060454
-462363694
-2106101910
123173512
-750685483
-1689143846
-469655490
992585817
-411611754
-356026030
-1579522314
-388313653
-981906198
1544318330
1419008163
885580156
-2049132932
-1310038378
1714507429
1503667016
-683873027
544977396
-942730145
1625344494
-195578129
-1572358611
-1652245463
325019379
849780415
1716704170
-796143734
-1106434875
883277849
-164804246
-2117087578
-58506460
-584477064
-1316675071
-1179536651
-861964867
-1658150661
-1032098589
-999003851
1664420119
-460918913
1799178210
-123570527
1538322866
-39392023
-161121035
755776867
432875885
-1661732157
548649018
-1711172538
1599209256
-186338806
1072863805
-329210449
-425050967
1196154181
-122279302
-868267571
536430275
567574489
120614432
1402163215
934321076
-1218019685
2129798935
-292459562
898913231
-271270489
1045036868
-691947413
267683930
-1141979281
-195779573
-163313613
-354696007
991777046
-1728801259
565015329
-1269766709
441593854
739291474
-1886660501
-674428013
-276196193
-639323839
-1942796416
-1309900517
-358375782
