7585
7585
-1658899090
440697912
-1133789548
289054221
1228737084
1805326925
2012211649
9147945
-1203127836
-2042317815
-416515946
1405867264
321497533
-1794463679
-470951396
-677399389
-1022212163
506590081
-1129625193
-2112628372
1108937791
-458944376
-826265623
716931479
1879725062
-2097257482
1217378104
2108406295
1145394817
-1004458173
-572820274
-147551065
761969744
1970945779
432033089
-1967752418
1887410694
2061551623
-1688537389
772004871
-1426140368
-1901909834
239582747
-240980880
-898684522
-1999470500
491221220
-1103189246
1756658880
-1298443597
495817556
-1109274543
1521941947
1822992960
1390035792
-176654219
929258269
-579703281
-1580962273
-2050338343
-877450939
-47259999
1690254413
1810392402
1973226215
-466981339
464508881
-1255748749
-1614783033
-322410522
1939271793
-747904225
2056810436
-408806651
-299654555
-920396450
1111457815
627145831
1715184442
163623540
294260956
-2108722192
417257721
1234949167
1757891794
1784498416
1737146248
-1081069183
536577374
754180573
-1935392689
284712781
-1237971755
357223235
699719710
-551159163
-1846284038
-239846921
1286760269
-1591437452
1435851205
-781550446
55994404
-1628712360
1862504550
1212059677
872236925
-649505485
1325527689
-246494199
-2133152856
-721099038
-1954261542
-521676447
-557091442
1565382510
-1391878198
1495361858
317433880
-1297982047
-1583245933
938172042
-342302255
1700182492
623978618
-11051314
418401481
-2031406552
-1107770797
87424658
-2141116228
2025667466
-627812790
-1260520269
-1529130124
-1970183014
-739952161
6766888
-1011649685
-851913386
-36566478
1024103145
-70473549
-26314701
-37150336
-68011730
-1020139494
-1607131019
-2118754067
-1126761508
88564873
415318463
1709527683
227030844
324971180
-443675411
-665524358
808777453
-1862380841
1441203745
345134777
1429687323
1322806567
338454555
-1333469284
-477998351
-1720120344
-1029052210
-387156744
-135881908
2104004662
-1371753681
-135162789
-429397840
1880333542
-1082217905
-784020073
219839871
1434768294
1610238380
-97468799
212690279
219856994
-1924417853
-253131018
-1825934564
1025939177
893966313
1368455454
1489757511
-1794726192
-1382841254
-1055454732
-128784707
-384194154
1939218834
-2104343035
-1689690636
-2112467192
-1055112741
1663323767
1783414706
2082778086
448665639
-2026200499
-1457071866
-942838073
426693919
1245460456
-380320645
296550201
-320126597
1136175824
-890536309
-1273566420
-1564005997
456524212
248302930
-1313323377
581791286
-637120337
-317296765
1208869179
625987258
559856588
-1830762849
-965904624
-1648312236
377331148
-1442746269
1085226589
499312297
-12200154
-539393151
1299675269
-2109800028
-1148090034
2088657811
234219742
-1765120886
1390330425
1829199948
703288796
-1691006390
1193073697
1236898800
-2061272978
2109315865
-594963067
779007237
764673447
-724043970
-403102349
-131412150
825720481
-428205270
1490341897
564140008
-1429892451
1674506443
-1093681352
-123776793
-1026072721
-1815748063
-1526062133
-479825949
-1575334888
-430685936
827777703
2108062718
1193851316
-502736776
-153595308
1161090840
-373627242
-383845758
191679676
-1662294467
2069913521
-461135811
-408151759
209603935
-32201671
-1084985752
1707274932
-1119538620
-922230903
495563665
-729141645
1633761985
-2044797625
-1980124322
-838121837
-2088224216
893098949
-1141583062
-1686352592
-179256834
-141418326
-1600160813
-119960671
-413005327
-748457007
-1322793775
266555904
-1784290552
833807472
1245854859
1504361192
952773148
438828156
1144676837
-1757386880
-1321046650
1469171276
-627530979
1506047928
-1512981991
-811186052
2684375
1078411986
1404027730
-1394385901
-716546955
-1965124572
1071373006
539246824
-64951124
1313566747
996371195
-1160670143
-1379325100
516466051
-1769412334
-658010692
-2042310274
-1554338044
-65834428
-1939298702
398872267
561883375
-1109489613
-1374613928
713137403
-1416208582
-1857773405
1686213609
-1585563452
1868019657
-59343759
-333520383
-397454364
1822293231
1618770371
-380880884
2119472249
626379827
1841190272
-319356833
729216400
605859158
1841369090
1675290853
-42296069
1436915092
-1684936438
928801278
-986203546
1892408106
1884333812
1548855203
630834092
518216984
1908055339
921745613
-1268407706
1501356840
-2001000994
-1919229673
1404872389
-524158418
-182615309
346339489
73094049
-1510223728
-1798874564
-440156616
-1997514799
755816200
-677232408
1421406131
1809402044
-438490712
-2133980613
174195871
1196945968
1077282078
1495059841
-2049888482
-1641263246
831048761
-2123049153
-1566210293
2091680149
1088577963
-456918612
2061271906
1916098319
705944080
-739053473
2063017439
-43829111
1109772847
-2114008248
1070841060
472682229
-54807170
2118751460
1883725727
-2131495195
140599531
2123540396
932218987
-1204169445
924061145
-1944426802
-210865801
-453369764
-587865752
-1350808033
-1757472859
1295807625
154795001
1879412047
-549451852
-1171668241
1362887920
1157472861
-1037280864
1079784413
731786939
-2068207795
1312063048
-1017967242
-1384843501
1974093592
-554515631
-348277815
-29874302
606047716
382316874
468588062
-324740572
863832181
1564977168
-1477173870
-1623947599
1850468066
-1745003148
820572390
-1836491846
-1254091125
166404634
789193107
-1485805518
-1524594870
-1987899229
-1817045471
1562270000
-573435928
-1132688626
-1791212104
-212611086
-188242478
-1785222565
-189196041
-815623132
1913773067
-1590328207
-1883339773
1591551586
-1670193820
-1667994559
1071623651
-682723589
-1652861461
-1630695382
-416859893
-1544567560
-1375207520
-1532781921
-359333578
1563355484
2092877422
1594374406
710500984
-1707634004
111523673
-1573344029
9788819
1591096497
1155346163
246401845
-1006097016
-265047941
-1255539948
2016284192
1636311665
1431632041
613639113
-90933
-1901210226
356136424
-1088139380
-928354933
-285865316
137179065
756938421
-122100160
-468725139
1955003766
400415280
1915723519
525451957
-1657715818
1721758064
460925681
-290826463
1369932079
-1470020701
-562754694
-2012426323
-1467928132
-1279893465
166801820
-1264771018
-1898592480
2058119740
-1695567458
1978844494
1012383722
1325575161
337743080
-319581617
1712610778
1970660484
220837425
-1740321614
2090451108
2092287357
113882075
828516513
-1508022029
-1724886086
2001437853
407861961
106522544
-2124013767
1905437282
-2016201867
1417067907
1513457234
-344424592
880080600
-1883263335
247101484
196491724
-1872959831
-1371730264
-2025624975
1054949597
-1696239371
-2129802961
498300485
874821967
-579160016
1635265026
649384051
-2018677958
1300228236
-341267963
-1650585367
1751869058
497290893
-2130033609
-668992154
857672064
-845856035
811636466
1979239281
-203600415
-962969764
629953904
-1824191092
1267826638
-1417170565
-630796911
416661417
113296205
-469246518
-441874982
276178653
406195174
1535142094
-1331480639
1250130003
-612144503
-2075436776
1355524647
-1042056318
-626010705
1572185746
-1017368539
-762930270
-1909010498
-7935205
1596641290
141892699
284266417
1576732758
1214404260
-2127665729
-791179272
-28322113
1519508159
974953338
1274980252
-342478338
1815246058
1414394696
-1256123994
-1231620481
459943808
583564966
1584531137
-812530622
-624987418
-1931191348
1525665054
1319410415
-1780452847
-463240743
1609327255
-720854227
-1495901366
918395984
1886659862
-1220429517
-1691070155
2106173891
-993256136
203656350
1666084878
-95006259
397922092
-1754764923
1669686070
-908253628
-1815038495
767753930
-1250472210
277627823
-214447008
353744306
-324070815
-2111503114
-1786001035
-888181064
1685530087
-689586600
-778767979
1612101533
2063964551
-1650478176
868328187
1634324163
-309659714
-763773541
-1365442541
-454359109
-1861873538
2033406660
-1592042468
1081500956
-245698439
-423434431
-2043785720
-149521514
-2092201826
1415960594
-875786842
1832645190
1658112483
619140487
-1011351806
-1820576693
1717254469
122093811
-1878093813
1385244568
1010712588
-549506658
-279393162
-1801650933
1947843667
1337332991
-1718400030
475164095
-1552837177
-1675354582
-1747034563
1406335389
788224687
-1213368185
1699846757
270138169
-764008149
441676228
1596404498
1004840155
2034329792
-511832308
-548588046
326384346
-840493037
-663928456
2091456789
1116282672
-1898532108
-98275899
708590219
-724925877
-287705954
2019179335
1979979
-1749562079
1352464956
757194270
959198805
-1182918522
-1976071761
-425570138
-1667587813
450708929
-1740799858
948121651
92850717
-923956132
-1950830738
1694380286
-896759598
1330614587
1540269410
-1426104999
1445321166
1230920431
-1359401019
1991087146
-1654067680
-1701071029
1088459318
-380110186
1043287292
-1459296712
491961059
878466300
-1073288295
-1870225979
-557648118
-748324060
-1256169636
-1700480126
-1687032899
-1130341448
-1460957642
-237291763
1477826277
-998685966
-349929143
42150381
500653192
1297766550
1040727505
-866123618
603415630
-1241544413
1199818817
1839605996
-1883845824
293817924
-844253780
-611462780
-681513517
2123041420
1358753638
1385795271
-739881435
-701436829
2025164011
-488507167
2139413126
-2102096838
439281662
1211406106
-1949329351
-1462060539
-400273643
1004907627
-1505773958
-1334301206
779352564
-1273382572
-57324093
-668331978
1858479255
994363116
1777225546
1224379536
1708160084
803917625
2128505038
-270605200
-2054681791
1636685505
708501651
-807422767
2027351506
158042977
1106881963
261317412
-410018106
-2055898020
733171830
1922950536
-1482418876
-821280842
-817156245
1802000952
1901293889
1186404547
1010465815
1568023108
1230246436
-812190726
-1489640347
-589007996
1278604203
569166862
-760835040
-1090742839
-1550617329
-789001153
-2064430410
697319252
-563810714
1861796844
1545505086
-1369783157
-64112568
123846509
1393237180
202968809
1828686261
1826216479
1778944163
-1011511498
1891323957
-2093703745
-1638066790
470064888
1556407873
1057325819
1000048771
-178191064
-1026470943
-511613114
1643038136
1732219433
-2083699306
1772162027
-1369054057
936118005
-246119047
134476389
1508865856
-267338855
219136675
-348902932
-111474019
1900919011
701653711
450945619
-1465638238
1228618072
79075902
-1951475695
-1237698859
-1908488853
1459693018
-1483018852
2083353360
962158316
-1031535714
1507624445
-1520418682
-452431938
1405734196
905606304
-1873159421
-1514508339
231315679
-1717660052
1213625975
-1525451202
-1803713381
216098835
-604653388
72165863
78925697
-1769460310
-407860362
-1094662912
-367483536
-28999813
1967884964
996220955
-2031157015
-407547878
-653552939
-1915357103
-575322309
2060107701
-1111084011
625534141
568165087
-1292414800
-499118873
-1828212946
76505125
45633905
820466062
-450427881
1123176463
1722847095
1729692552
-1265914422
-1757645444
1195485105
-956064422
-646983963
-1025458040
855214093
-1490930029
-790835188
-1996956622
-195168690
-1200135158
1072297176
-1297231296
1139355682
-1319151511
-367342578
1445759327
682096755
-1840969489
-1908936941
-1310621299
1612359165
-604087696
-743455585
-1014402373
369100576
-112223583
422853297
-77942355
399126263
2119616914
388344770
-781877467
585793448
765687674
-458595523
-997743297
572753405
1674066618
-1202358995
959579934
702839347
1535050268
1547099448
-2130377016
-543458798
-297154725
-1671817013
-449649330
556322877
202204647
1163374742
451248432
963566795
666671592
-1712233157
-187230466
-1969261803
-1811584125
1912075073
908322882
1067499729
290687581
-1523277234
173337757
-1997467041
849239389
-1711271019
604107055
-133035934
1486998197
466813836
-798242244
1543049875
-1349714911
1236595426
1096121100
-896777263
975348593
-231216464
-512919535
1410323323
-1426422971
32493550
419850063
-690364414
-1051967465
1699150376
2062615288
15156921
2124922239
2121859440
-901840298
1262855407
-964719695
-543688810
-1278137107
2113132095
-2085738167
-1777368938
-535757856
-2095348699
57089354
-195264943
1012428179
1134271188
-862900892
1323778944
-24055919
1308931911
1452749941
-1386642971
180126384
-777657706
-409903791
-1851234366
-2018869901
1113140874
-679426618
-325148530
-1203007313
-593164429
158584282
1547250918
-1607536016
1707102008
-1408657578
1306871233
-1108552932
1700042158
355432839
1960623848
-874479399
-927268307
-1453626045
-960389980
819387692
1176879713
1362277674
1701892280
-1384380190
-353299875
-1447279059
1074746001
446523954
1349792245
1060287572
-170654021
1443066147
-547628212
696362939
-2042353257
167296555
136122027
-138994211
1941909835
-188051688
816334740
762379028
965892857
65574451
1769107222
-1630293920
-711239886
-1475829854
2003443555
-1390479001
-637220435
-1894471410
-356184929
63043260
756977715
-1544532091
1828366074
-1138743197
-1493236515
764196768
402541056
1095568532
-306598014
-460303384
119311663
1964795583
-859104662
994717045
-1140553271
1094808272
1109442118
620663512
-776001044
974620851
1176451428
-770354886
-1998334753
1498608666
192431646
-460334140
1299909806
897647741
-356178797
95421761
-1795895048
-735405726
737242009
-652333054
-1834886394
668774110
1607300337
-2056775678
-797178080
495890011
1843321020
1268751177
-637829349
1981187994
16297006
1920148628
-864323018
1960236539
-1349748863
-2104517579
-712333785
483628540
1715476267
79037240
-927953553
2099130111
-77333422
-1947394873
-185430282
-1521363633
-609714049
1775880655
66599635
-1092253596
-618119022
1859058402
-900192150
2024354150
-53955851
617634911
-1215063621
857187823
-2075038444
181477583
-975667207
-159411435
-1465005044
371887506
-83446438
1000445095
1926493346
-1310970438
1726906413
-2071855947
-1375248778
1071763254
193704752
34672469
-1495507337
-687231438
-731775197
1681176228
-490380135
1232564926
391399832
283833099
21618885
61269165
-2070274803
2095877059
-711851247
-1014269505
-1173125572
548127642
703712049
-1583865342
1097659056
1879250422
-355394772
743241332
-846601061
2107916314
32883026
278834669
1539739622
1033378472
-2112901780
-1067058117
235779210
539232102
-474561227
-364691570
1421953566
2020734788
-1274213367
910499862
1481232560
-1935389539
-651226660
1315374570
-1693885737
-2016469571
1422384493
-1679390421
-223566584
-706438237
-2135112262
-1866645399
1017499176
-1103453945
674819766
-1317105340
1782678883
-1490309731
-1884857032
-1515231402
-1769946821
481677723
-1549412809
1168635216
133059555
287198585
-1058407116
997057634
474542286
1908992503
682976759
1240962528
-934316158
-270644124
-2045997699
-2110825694
1283889073
609012508
1655696944
-1860712533
229384841
627279441
-15359144
1155563916
-973234870
1644153102
1368739793
1775055882
-121837287
-1891568007
-1780532226
432441470
1018631188
-1707636904
-1712136451
-1803073156
1916708773
-1824007211
408438555
550900791
-1102313445
625075589
-475851382
1667120164
1955314038
1522199974
1417478481
-71252772
1313578369
-1186530392
1826690435
782276166
297107238
1476632558
135274163
1778077429
1691778813
-708958507
2052717478
-1437443890
131609893
2132506612
1834927434
960373741
1120509015
-1631050331
-131726873
322939848
1923291704
-1390710588
-845588588
155363989
1611806957
-1174387530
1926459883
-1668997399
1313793524
396586925
1217072896
-1212217439
1912949298
-1634297047
-1964152946
11500037
226266951
1091291329
1891264115
669152809
-1462491607
1925535523
682124126
-1680532074
2025218800
-627911848
1916556486
2127835178
-864517650
15931980
10399005
-28642500
1804429826
838373005
969168709
-587798781
-760102867
-2028706221
1841727042
2044128823
-930275227
1144673727
2025540657
301124600
1626181545
589175143
1074539641
-981328913
712997717
1398842642
1919360319
-943183693
1849022903
1738209983
-499536865
1986806893
1857765345
-376377876
896350744
661424062
-495058752
867587860
622232263
-1237116193
829860205
-2016052360
1144644311
129264906
-1578537277
1112386850
283709879
1379859992
-1168613328
-615684314
-1240055154
1300995690
-337284144
64711211
1506009195
-137934579
-1530871881
934714665
-1980278335
1119747097
1462793358
1061992051
1984474897
908079961
-997888672
1115943160
995080424
1322445104
-47683402
-1508617787
-473212660
-1497087558
1696153312
770785741
-1469183246
-1413659599
-1745180267
819180
-704739470
1883981457
106590398
-1614303447
20082621
1717694335
1888424078
-738589381
1804874638
838922854
662777045
1673780558
-1004231009
959900131
-95918698
2042770182
-2072250018
1217197154
-2048368426
1439713731
-952825632
-1786972407
-470540874
1403388967
-2119615979
1179560660
1923802308
-2071613484
-390966211
2111166464
914581901
-2079045254
-1987375461
1817076653
-2024869514
1755544848
1279149415
-1422322754
-748186677
-706419104
1738541576
-354013949
251258648
846353865
-154467710
-745975910
1168879543
-1257300672
-1060123604
-1283181166
-286891094
-1706907241
871060903
-817088560
1646630826
103607297
561275915
-1356284618
-1240028800
1434015701
1845475170
-901318655
-1537721454
1667070098
1564312153
1065457010
-1048750656
1306289187
168438068
-1593752656
-1897840784
-984052381
-732464126
180695532
253126375
-49169694
1731387410
191950534
-1752438310
-406510103
1954552997
883902702
1873449796
-629013061
1497874148
995104270
1348690554
-937096419
-1208792813
1363215335
1144450940
-1643016167
1421910279
585095098
-1872871283
1994883070
2002350549
-1876508696
-650975996
912341930
168981708
-1357276196
1467836772
309657098
522311076
-639279576
-1087473494
-1249278750
1566254582
-560927506
192429798
742785481
-1141730321
-634313599
897769741
595695479
2125486144
-997728181
1934630412
139913027
1561890648
1024470512
-653300448
430207718
1721430485
905449139
-1989857948
529192580
2132877367
-1230345448
1312602795
1191583469
562656726
345119947
-723092592
231718943
-1945659627
-941018432
-1967113014
-2121601009
608382680
-369765478
2092395972
-1659541080
27299635
-1807195568
-1193667988
-739058669
1520839011
-878393074
-1356562869
-295073223
2049773825
-2021978536
1795632341
223010437
-1053163916
1316067445
1258375937
-624232722
-1505786713
-70925558
-60701156
-1300861644
560033275
-1502762236
-267783206
-2054824087
1113355391
-1942989637
-2027280466
-691864398
-147535522
-292057004
-1113470629
-1037362610
906043288
1072775270
-802045751
1287099607
-1622200843
-104077601
273238812
1618248136
1425660981
1186241577
-484274942
-728599233
-1441230965
-54864760
2137355852
-1465360381
-1355658676
-1885300795
-522401088
1780926919
-1722379549
-689697008
909272108
1397615535
-160868856
523865378
-1369112130
-1744015596
1544435761
-1092914014
-2080687981
256169092
1148389960
-1433952055
-937666163
-1034696948
-1811917411
-1671941048
686907496
965861304
2012361501
-1474301336
2050834447
-1355834022
256565700
1758496371
1983717420
-1032678262
1890832464
-1175233198
618029053
809966574
-403108298
-2052852361
-786337170
1535768763
-1340712999
218417404
-21108893
-1281241221
1787572729
353777164
-1974651308
-214409968
1160169577
241764737
3612191
-1352680456
1002931204
161255374
1135848984
829438418
2002619361
-1624092641
994331749
1336901920
893953477
-851454530
1350978953
580524877
1445276121
-1020712008
-320933571
-1967878414
397868444
420802240
-1809196922
2103025236
781503002
-1602938542
-7321341
-1034982863
-2137792162
-754061797
1715523975
-129663813
-334985436
-2003393385
-1927011353
1744437476
-1997172525
-1901741060
-349882348
-186340900
-1820225367
-1386932138
711986283
-1423307049
297205815
-1691857421
560699211
1568833299
1559764496
377601792
1835580904
384537113
149320381
1620668275
-1639357346
-206833598
1762210035
1739764524
721414921
665145212
-478354169
712776278
-1812419309
1969750094
-1263917151
123158547
1602507853
1312384793
497567663
1711038296
1181947458
-277033569
-1211359331
1120391700
-1854001527
-1980499767
-751662654
-952246633
-2078397861
1263816356
253306909
489912113
-1002317468
-1090922324
1758425920
-1076834278
289601501
-1487821235
-1405795189
-1853034607
-1129126438
858346406
-832876643
781163590
912981984
1353300111
1261256456
836324860
1878092986
664732637
424962115
929498218
-889424756
1175504612
1459440356
948054114
-252988120
1498461501
370757390
-1077224651
649054112
47127752
-94800089
1384994900
386804507
1332763124
-172623666
584666426
1572374764
-233911235
-719195892
-1545843831
1703650784
-1031205130
1833543625
1315879283
213619927
1383365192
-1305667968
-925572005
1878523541
327692410
1934599734
-1599333957
-1024683303
-2108343439
-1538172761
-485103032
372176559
-1104904582
1179963586
-1951270061
-907230206
-1524924345
618196568
286853745
1992388213
-296398537
-1880887025
999425886
-1538973326
1387074010
684283548
182741022
1684204418
-456401484
1169352753
951655268
479578847
-1981538753
-1515672781
2997559
-2146341049
-1566537162
1650108719
1196683731
685032722
1869436176
-1448426738
1049692877
-688808570
1755730634
-1373371512
-1838130567
909510762
2057114601
-26204970
-1732454001
135869144
-216646209
-1749860949
-2015558900
-1416175785
-1844600084
1220594020
28707413
-2084451544
-24846297
-1952678019
-1475752030
-1853451040
1108902206
-1158894009
1368733337
1788737590
-1890323877
1361775831
-211107015
1481011998
-1484996216
-1162069951
-1285578503
-246765546
-1458441100
-1310371834
-1927317456
-1520758338
-523995529
1327130058
-841108041
-250160210
-1619402029
412595274
-1595856692
-343346045
-650432708
-991768180
1402018617
2090577211
-284886375
-470790057
-1736882252
1364621762
143098892
-1115847451
1210864265
-471947572
-1757376977
-537567018
860006518
325916901
1379512993
-986539416
-198318123
-1862768442
1163520448
-1193241883
544684032
561246441
-1998501193
-1570787236
830550768
-1954963362
965887930
1093213843
1397507367
759015135
947645072
-906417349
1984341968
1040731682
-1232284335
331788645
1713330467
-983329682
1146030961
-922662859
-987384050
1324309617
-173488388
1928800468
137732113
1571309135
-1803624926
-35717205
1959411305
-107313666
265911542
1125194957
-1613766288
1488669392
-2014038158
-1346455628
-1838184125
1547209809
112113598
-1473430993
9767077
1077432402
526617777
1835452059
2107302178
-1711423931
494853271
481324368
1419066743
1492882379
-561577931
-1607875234
1030204976
-2017407349
-18527735
-838804359
476548243
-1423597755
819822037
1793110577
-100194372
-705955290
-1090077602
-1410354587
2032410633
1718114397
-1216288911
1075241721
-145386313
1341947630
-1488076250
-559826746
-918747187
1148673733
1172656488
366069714
1739004984
-687185395
-594460492
1174454976
-8941001
750107330
2073251616
-1063354998
1882072569
840074884
1557596318
1023403884
25703555
-444933202
-651210879
-892391389
-1029879081
-1409477721
-2044429760
440175703
-904723630
277407351
-413136518
269634900
1105646933
-1130746979
1410284090
-825868288
1227559
160322591
-2040137605
-2134014199
1111216666
-1492192799
-973081106
-1827183523
870865131
2127355962
-982128390
-1276729889
380416110
225239492
1817786371
-913790633
-124435862
-985675917
-1322740498
1491348393
-921865535
-160598808
-285979419
482957129
-1646133548
-86288889
1620136023
797951470
184512293
-1483990586
2074490690
1747347845
1718845245
46122568
684574132
-444297112
-1455251505
49838633
1874769038
648706255
-1290733796
1215917851
1193329291
491988870
212894617
-837086799
1001607552
-44010016
-1029946160
11027066
-2115365916
-299529493
-1635611005
1655051346
1953009299
1950561252
1417603606
1319672819
957182670
1577897965
935733806
-781409070
1103828102
413385468
-1316121452
1343708968
513442009
-1268603882
505431647
1803180878
-559220516
319855293
1571042898
-1874106803
1489491099
82354087
1916959106
-81454155
-1442114979
-1308126032
-92492228
-820100947
512955948
-7378928
1588834597
-1273807797
1582718355
-1979926832
-1300103007
1469989158
-124245079
-468737415
-942771592
108002344
1596813646
-1837117937
-660463689
1552145576
-1343130188
1941878333
-1206474028
248007095
-1296170207
394975441
1214268436
-242984775
-1657594894
-548839575
1179193393
1363794231
668367842
1833124206
2007618870
1104923124
2043898252
-113372862
1019613614
-866219203
1579654190
330819764
439345661
-1784126843
244464047
1771120828
1547327501
870196016
-496619294
1600520292
-1404622548
-1863249745
431059980
965013251
-1381575117
1397771724
1413404579
-896617039
965784043
-663655098
-1877960360
-761304074
-97883731
720959392
-1739730089
-894981180
971830344
-242943435
-327327795
1989675175
690948902
1487467408
1821175978
1685079610
1836814769
-1010061062
-1731502169
1231487452
-136540430
-1030950573
1374255754
-1066024028
917085563
-1671306971
-1669017687
1105242769
921892231
1198834678
-1577828692
-1324341242
261125471
-205168931
-1522118251
-1199145356
2121157630
1833760855
-740449787
1914828632
1579624951
-2134769318
756534967
-680000408
278273174
-1547387990
1747961169
-366690296
419985222
1409249644
-78355365
-508722942
2019192626
-1235611144
-1359431281
1531737462
1691307309
-787855373
2096324690
585529615
1226856918
1984322715
-1604926334
-1026844041
-1874073609
1525840996
2034519410
1559626764
1214259501
2047160516
1268299058
461519827
-1676445490
1943610187
2020610067
-1302925651
867625222
225410549
-177977239
1486994119
-936616381
-536380221
-917433710
1630645591
1213068498
312804487
-644571849
873424772
2027482314
376001279
1953792465
490610341
-1430685656
-1589765082
-1446856337
-611325010
566413115
-377182011
-1839818315
2049646054
-793708734
-1501574577
1302994471
520455389
-855062701
-582436882
1798046119
-1552554595
407058301
-1500763943
517696572
21696287
1106343473
256786408
2127182100
-1847901696
-899170339
63511657
-714139445
1953881972
-985393959
-261938124
327226349
164402042
-519050874
-554214660
-1616236103
-1719112111
-343264076
1333484264
855066408
-242048726
186220612
-1212956063
1791439405
316658206
-71573490
1600203565
207357245
-116901022
-1832586492
1918697148
928311057
-672790088
-283618665
1908325314
-1954567511
538357288
-40823719
1301774597
1876779924
2144540399
825049571
458944887
-1801094546
1683882936
1990093560
-1628846713
-1664678486
679930121
-514935318
1453563315
-1121949039
-1045227777
1459360316
-483726751
2090961546
-171567298
2097246600
48168175
-1995636581
-1134725598
1770007203
-859990520
2085696303
-1536988358
-1994790146
-811694791
783957529
-549513995
-636626354
2127637955
-959842087
-736085091
93443183
1028457650
-1600938724
-212873339
443211141
304307246
-1471360631
2051905150
911619172
-588115952
647896250
957791375
1762043697
-721688648
-849804152
1719155684
-1852830135
1652867357
551181707
-1744089082
274010465
1969019173
-104624416
-508991412
1915329261
1852294454
-1541550548
-1962390127
-409035322
1772155404
816224225
939945766
-2087579386
736672716
-2093684800
-1942320374
409486902
2030203737
-367331938
1809392984
-1174274645
64808166
-27231638
-432700672
-1378558676
985936845
-538066579
1749752761
281160920
-1414193250
-1015019052
454539062
-39715258
-1074329991
784596075
-916608617
909582829
-895272800
561723819
-2048335070
-1935503674
1628795207
90063862
-1243035854
-1011670993
1202358446
1371294240
1973157487
-1428632046
-705711247
-538012111
1470806078
-1655651514
347464478
-2100452248
-1000403077
-1517160907
1403132936
1504847491
884115045
-1671944258
-200485798
-546539715
-652030503
405105755
1771024494
-213827048
212814787
-1259297914
1187131487
631399260
344200401
-1774616232
-1147460900
-934853537
-470921880
1579224691
1811280191
-2118633467
-444520997
-1531985374
-2062018339
328506250
-1793989158
559979198
-1710987873
1226030974
631552808
-1197811629
86950353
-1933779695
-1714733168
-583385726
1677504313
-514679920
-409933287
-1109394776
-1834238613
515041839
-1172250760
1959044927
1324912987
-1741409784
-1777084987
2036723076
443961907
857023587
-116654222
1542507610
-198209689
1898228024
489697656
-185363602
958854149
-769936911
1685502162
-1359938150
769612625
-176491405
-641494226
85986702
-176678255
593154655
1709506274
1228574893
-1234987996
-457445228
934581788
-470389708
1586194393
1875591928
-799905443
-1629218655
1914098813
980717688
970116392
-852562094
-163766603
-1580551348
789499638
-245223829
1440157966
1602034047
-1580038804
-2095065347
-587208366
1678133678
-928796721
-689649308
2101823261
-2068353009
302930103
-1513634833
704311215
1820407733
1611427842
-237557818
-1926726910
362443793
1308135435
-812406776
-1218167266
891903675
-37002724
608454451
-278657364
-384012942
-1318693344
2109884105
-263095351
1605108833
-240803428
-2128483025
-811517923
1473153187
304003552
-460896809
-629608149
1182570249
-854606471
-1144766559
8404969
-1506057446
-2108194583
-246428290
-1415782765
-918584741
1301623449
-604246698
450129851
1121626063
-704001522
-406144725
-1214569819
923472833
230995547
-1952389506
964151505
791395264
1615364054
949377009
1767583960
1429237482
1516982542
1753982253
-1382950277
-1949730195
419601148
1790295301
1175738360
-444689846
-1188542345
1681851867
-395579232
-1484193188
1054553325
858759234
-1348052827
-1154389095
-2069636528
1623502821
-1590914504
569741718
-1811846579
544788134
939412435
1644100688
-2114795837
-394392054
-300658733
-1447333336
-2009985678
-1853084973
-591275703
-1762357713
2045815539
351000302
-1575624176
-1613498716
-45274905
181550479
1874509346
1461057466
-1332008077
1991124378
-1058826201
1887733405
-685157909
1564104260
-977493170
334557367
-1950880052
390013434
1154225760
-1014842578
848218864
2116500353
50283538
-1298762063
-649107460
2066364765
-1023384422
-1127249036
-226200036
1628531575
-2128157564
1437352312
-305762062
-507386119
-1273148219
1746635023
1314428875
-1644106628
1484068880
-1752676449
1084273939
-577368987
1209141608
281423013
772761867
843099532
-1965303818
-980921603
1177938872
-953361891
-1245821924
-1194708384
1847687710
854423235
753723849
-501766867
65266350
2042644482
-404659186
422119019
-1766595332
-616404508
-1377856015
-1357599731
1132943540
1073880535
1110781057
-1767423624
766791630
-87747883
-1926844886
-964114877
1514514432
-718763067
-87184566
1575761213
-1904033932
1773340705
1632691203
-740026445
770785467
-456830248
756578130
1784056050
487799296
-732750988
288190304
1412394506
-2087521408
-2111210113
1561673496
-1827150379
-1112458951
-536077789
-2056321799
-538561225
-1461580831
-1504204784
-1700681940
-630606938
-1244730087
1734548898
-431547175
-446006292
968178402
-507061951
-705529675
585950507
2106216015
1279486987
-1380742945
-414906335
431378812
360180400
1066672108
528929965
-1798176578
707913886
1954044736
-979141742
-1176319205
891257181
-1081312609
-900910983
575931900
72225851
1694506243
1455851580
1755523105
-899246549
-1468533073
-279775391
-39829548
-448619031
-1399040893
-1772997404
-1165813663
797150818
-860094318
1617462584
-920075580
1233617747
417356785
-5099120
282359204
1034806320
86557137
924888922
-334890880
379044166
1276151760
1006910475
-490271193
2049859363
161755019
581759265
-1899720083
-738421707
-1730175625
674927717
-1262534885
-1559372624
901277937
526559345
961760295
-716158795
-1561028205
1550352753
-1728749788
-626743120
1948214728
503013933
1413905915
110795777
1458751138
-915741370
-1415055141
-1752406562
363197674
283260607
-1714454674
380152951
-1442962568
-1235295809
1013634380
-323582374
-922744123
-1910491500
1994774964
-851281384
-705291842
1670941947
1029494393
-1280748503
1114136538
-1262885218
2012236345
1969223436
1960871022
-586435107
542024149
-1591375438
1663393599
1284492496
530289948
1707059228
-213973416
307804300
-2128340279
1387690562
-632462050
672402598
-238475345
-595536586
1313386657
519004916
-604328654
-236008823
1231310132
-1486416998
264211193
-1801238035
-129894081
-923145916
350119905
542357787
-257142445
-592620112
2114364980
-1232165385
174915966
-1576932753
-971512038
2100885233
-935053344
967842283
261738831
117652909
-1588843394
-528382805
559746837
1024397285
-1267936683
-551856427
-44451988
-2112451954
1563493810
-36537868
-1351707007
-135896263
881839040
-1645568261
1676151139
-501404740
-2041481374
1613587594
1626104060
187214865
-2048800958
2077695343
1029111870
-324766083
1088246058
-592774290
845851036
-1463084556
-1279668590
332964421
-279531589
-1042442565
-1831985543
-1451661590
487718249
-193267377
2029523064
2081144598
835332301
-719569019
-1167373037
1823974662
743704032
1569123314
655748946
1921971072
-454136805
-1488262260
2042405776
1890123283
1484727154
-1165577839
12148626
1932061091
1769811072
-696865369
-2006644774
-1439528668
893048834
-1979482044
-1763338691
-3554651
812999049
-1747676849
1386190259
718586000
-1707671189
564325639
-1054668947
-700878033
-2089571846
1004702499
-1990654675
-879548814
731374584
-2087295941
-1170688815
92614639
-104563127
-293209754
-861970129
1518074153
250152170
139538979
-1001337816
-704779756
-1449512158
2135536764
-421392905
1489106904
681628918
147266408
2023921098
1054464981
-401552415
-1608667279
-1531175021
1671050983
-176215356
1001751958
-1879330017
885728490
1441373467
-1288034191
1380122726
-1236269952
1917881713
-2034684004
-2101170907
1964865297
170442517
-217552559
1276340138
-801055469
-1948233970
-1707967920
-666053906
-1859333493
-419540917
2033391621
-543776792
766668754
1076066078
-851820311
1587636255
-431533412
-2002417685
1816139560
-348512895
783594294
-253330148
1428767107
-855366797
-565442034
-920414121
1700132471
1284728105
-1149105800
1736954611
578033054
-2065629898
1301868462
-2028969561
-233901226
799687270
-233868007
-1333182588
1658698400
1039355339
52026062
953349157
-260339383
-1075622379
750706010
1157761316
-415061426
1807891495
-1484091454
-654581041
1706463868
-1874541338
-26910012
-281284582
1904116567
332168275
-650257309
-475568680
1504507964
1309650395
1410843554
1996814629
1026441673
-1661116947
167494799
1880182055
888861564
-169389875
-915484542
1769998325
-330233958
-633001305
80264870
-322649386
402709841
-788464409
1614147768
1065241006
1594455328
862901447
698875919
-1475224140
-1533964426
-183099607
951432923
-1129615512
-469659239
1485632934
1571477937
431162308
-1109633847
-552425242
-1676901050
-1592346447
-1657584732
1570249777
1709122682
-708043588
-730568244
96060998
-1505279336
-1377645047
-350791226
1964534635
-470893092
749573255
1855458597
-289741627
573316661
-1926861980
779952871
-1040938775
1937904715
-1106956861
-1088872418
1710295474
-1259772734
1682430636
931960530
-507520172
2008531904
-1318673340
1200183077
-205096783
1276798124
-1218625987
1186270904
-501081877
4407865
-648667249
-1265894835
-1795773894
-590060894
-883184793
-1702195794
1295132158
-838558666
-1052871328
1567569356
52990487
-424829417
-467725072
601069866
-639745164
-416595650
-1979892700
309262971
-1826933270
-638556735
-1835727473
524919178
381390150
1530257496
-2081510017
792948313
-899771483
1953250333
-963368334
47053453
383174914
-815704942
-1465689912
970779912
1406326799
1687620584
2133503417
1645568983
-1050639287
744006014
1906943368
-1351641009
-412621498
116419751
-1016241928
755769714
-431062191
1312292784
219489791
70285462
248981816
-572983520
85047225
-260791224
-1555267741
-399181503
-1683113569
1147546989
1850852392
2018486751
761041400
-1887255894
-174705314
-444754353
-135233649
934227461
1566375727
-666411598
1546639013
1131774156
-1902853070
1897961851
-2142463703
1637849525
693572281
226904622
-801055194
-1938724538
576281446
1997589609
-2109358980
-1122461578
1348353284
-1505650137
-2034127662
622687636
1884240275
-527082429
795252426
-1711584408
1620322468
-890826693
-536412809
-121338217
935262951
112805431
2016214795
-1759949493
-319315198
1455864649
-34268204
-1845662445
587020195
-712256524
-1000736663
1283769095
911123160
59685618
-1606578400
1981514287
1969123997
-482072527
1129284802
-593363932
-1143300426
-909437921
-105409407
1743376376
-246786113
1318705959
2053523242
1285333843
-456051839
-321153670
1499294102
-1703753251
-49788282
-1880840430
-899352986
925007587
1490229999
-988689421
-2001180946
1926665524
-2044771196
-1999297357
-528244879
646299980
1792766476
1055459132
1892018831
-1770921548
-2073885730
114857937
1789179898
-1515656792
794906551
847933006
-308342160
-1462283783
1191741902
-1669739597
-240254747
-514444235
1940237093
722412514
-1200797954
1264415748
-413406942
777060263
1881880774
-2048615724
-781741474
-248349959
-160066149
-1505539656
1441883323
-799743105
379887209
1598842253
-2022133573
828783445
1262803738
28139870
2020335119
-1734433777
-1303166131
604850953
-1796463250
-512035331
1128709701
-1157792222
-1221422168
-588052560
1444752931
-1115152106
-774264326
-1639028291
-1957594537
826724499
732966819
-391996736
956517716
1387142439
1710164151
372373411
-1326417533
434159399
1492461106
-1735201760
946551161
1411884242
172614480
-1191499900
376946539
207240885
-103324646
1937955252
267306977
-883642800
-111949500
1391475829
1563042729
-78660871
-118928074
-992219929
597388558
935899392
1285201512
-335357614
-956539831
-1109029101
400689906
-123549916
-1395953864
1495541220
-841002653
1091220794
-121710515
-1008136696
626076368
-145187234
889383112
1567463458
-304815568
1894932496
347630120
-1931863232
-524841753
-1998599799
-1921344802
239879556
-1471563616
67639036
1560003140
-2141236474
-698375585
-709534434
-582840372
-1043968263
-1699394859
1206167784
1812052348
1424409355
-1920009226
-166602853
-215577191
90470674
2003047368
379218692
-1722651742
1198863076
1558915198
516087297
-1010935680
886930565
1287379397
-2078393021
1330061818
98958471
439083868
1674578005
-548158098
1873471150
-850246422
-1726177572
-298906179
1394439378
-1552641269
960282143
-1232561017
-1423341047
-489699925
917295817
1482740376
451929092
-235989097
-763813139
-1209644127
-249069895
1524157265
2056524875
1778573610
-507572670
-25040605
1096028881
-1413388089
889303812
1786202742
-2146772124
1855234441
974146580
1119585891
-1115672865
924517559
-1951200299
431920010
624308571
495087038
815608549
156054306
-838993487
426364261
-42527431
1721989458
-1849223876
-967943100
1839254918
313460414
637338595
-1938489226
-1713224990
323143523
-1754140586
471325325
543384747
1271351975
-419026794
682307014
-242106201
-1592784725
-1456465221
2139887485
-1471752340
1974413540
-1568613903
-744568350
-1697328382
-274293271
310210499
-1115079187
1423279046
-1494308211
-454722149
-1986883441
-252590192
1396122672
1275327113
-134316247
-2070561000
2143946322
1294915907
1178580801
-806849131
-1144312984
-949517716
-707596942
-526131546
-998621454
861703961
-331354204
-1462481290
-1277608755
1344511888
635250301
1901383706
-781512251
-1458001326
-842712553
-313524676
-1847381650
732774235
-667562509
-832355842
114832691
802306983
1686734892
2054986776
907597999
2001383672
-1871783953
-1150723005
-630986949
-673249834
-635424982
1586391769
305721031
-564948521
444179331
396953788
-1233073171
-1669973472
1024666251
234957175
120218435
-1479880149
-1153047245
644139940
818486256
-1198111543
-1569313154
-539626612
-653791359
1183107434
-1385995912
-615830508
1771905789
1629989276
-19297690
1920774614
-1751646922
189487825
422606654
79080590
-1734144414
-923864988
885447513
1833638583
1584061673
1420962270
2136963686
-473672843
-486405249
-1826643596
-1305375071
-324844875
1025068149
-1668489516
-606282171
8569746
-1720535476
-509455840
-108710849
-919880454
-312652405
255425338
-1100992477
-826547055
-444672046
-60833470
-1640259229
-725922860
973032494
-315572644
892461501
102439809
-1098222419
656606134
-1876630795
433725750
-1630431947
-745629239
-1376787516
1722946392
-1199559791
-1679507234
197853200
620408630
-1221321524
746894803
-547680164
18748781
-549788734
-946766050
698059905
1623984269
-2049272589
1961428498
1719100830
-3149316
1527171994
-677576607
-792655028
-1723346662
2110706685
-1202557471
8982550
1563981990
198420231
1593093778
-975822553
-883048865
2045348627
-1586137889
850937157
-388267794
-1577947638
1495472164
-1461938434
-2124503038
2101038255
-1062007952
-1083838944
2072740541
-59229383
448167051
-115200915
512305230
740287265
923492154
-2139414129
1095745246
-1096775107
-834901823
-1594017207
-1504064336
1794504462
-941178968
490565359
-1917388925
516474453
-177970238
512435480
-1098852806
1958020587
1885770346
-1720584047
-979846978
-354473774
102476560
433758100
-459306461
148613254
120608755
-354853320
-2021183223
-1621170279
-1548484817
472628523
321851972
91236734
333758458
-1722910817
1651743167
926135204
610762794
657446018
1530064285
-552768570
28626426
-317595919
407318432
203327361
197892620
510865902
1251537102
-298442458
214371762
1443646287
-1603093679
-1200241199
-486211224
1348114937
1365825182
1986547898
-832645211
-2045658290
-592008743
1817880522
1607385042
-279012381
-1171955592
-1599394447
402105754
795832182
950383910
-1849820234
463884388
-143739874
872482537
1620130959
-507087075
2018424004
983833734
-338807950
883870778
-827965743
1606957603
1609092139
1834173949
-88703192
1667591470
-1750547728
303900406
-339920297
1252209278
-1701529166
1629260492
-1741302776
-1758799177
1969802933
775912253
-270607939
1141985521
1229424738
-1904815774
2139161788
-1304156261
-1980945829
946956087
-321919161
113250205
387631056
1192910170
-2121549552
-661316163
-621828336
428833043
59700971
-1105231293
1664928355
-1542398316
988400069
-2044619042
541569558
1706797953
584607956
215377608
2100210646
-470469199
-1518277873
1692538153
1718764353
-1903889866
1882733536
-629684808
1598859194
314001562
1574250264
1919085480
1740184444
-1195125141
-778850269
1495016129
1754972145
-2125076742
1182410876
233830092
-225225916
1908286303
542423394
1707097395
-66079948
809549503
997414092
508486889
756627755
-1620860207
-895401575
546005127
-1193786482
861167773
915191563
-1672868169
-425361322
-273290874
172505974
1549747413
877448415
1117934731
-1661552076
1972232146
1912454912
-1146276919
1682867419
1330872156
-1147983013
527908419
1840165809
-375730373
-1281606411
-903065115
-683304609
-1073839362
-1473842680
827396550
-1350681115
953018326
687149592
-1613388627
-103410482
-978439999
1069674819
-1028171818
-862231900
-1144921878
-1362062115
282274294
1311245733
334624847
-312537796
-1842904453
-2127325770
1066059428
-1240131377
-1713137385
974327703
-1273460617
-565091211
-7908993
-1586790569
-779210092
1738145035
-1640067217
1732271626
25366442
-1280719289
-87079182
1117623994
-67496915
-253883708
136432863
-911710565
-1209004930
90470748
-52483162
-1025405823
-769914551
-725933123
-233209780
773225366
-450908625
-367439306
-1079073869
-1054440121
303777444
-1536081710
-279600097
-40096130
-1720466151
-1826088537
525062901
1466573846
265752668
-157106065
1100901060
-702643573
1164788543
1385907031
-1990585975
-808033039
317440632
-887356137
-877020370
-1285099737
-869708601
221967426
-1526550444
-1664071860
1344301405
-880778274
-682377902
-1486736784
1967118460
814373175
1770638716
-1824438130
-1396774310
37118704
-709069145
-1955138630
312860747
-1045869222
-1376175892
1168486038
144227358
-1305655288
453801644
-1474415094
-512417338
-11251550
1486055637
-441867725
-507891908
-212470023
864195426
187144859
-423924060
1585237596
-1191150040
1096751531
-1022474578
-1729552343
-617826866
676557661
-877425345
1580446630
1147623708
1213633333
359997519
-1345011951
-802310535
1798088049
-2029410028
-857713163
-555434578
69508991
-1727074976
-1796544322
-1338881552
-1806935122
1930253127
-1644320369
437422108
387857448
45972228
1001122387
-773391037
393316640
-890039524
1557645330
1418785129
-1554645433
-132232509
-1077561467
-1820245366
857095043
-343439745
-1643919637
1925440477
-215741214
-360760565
-995972835
-408056485
627883468
502665853
-1903436320
-46768254
1539500920
529514410
2007075706
41189206
-1242658143
629482441
-452338297
-850006360
-1714744200
-1932481962
1120992524
-404151142
1172770524
1131020088
103413196
360196705
1452762055
151290661
1598561498
1186086988
-1113310197
-434757051
592432239
2103201542
-1663282881
-1121816299
2138474749
2025892119
-147395853
-1012911218
2002248580
1083891888
-1040450774
-1399999867
-1157255901
-1127959129
-1158869495
-1322613932
-1968222223
-1196073025
-1327431477
-1567382086
-1088069363
-1154172627
-51399689
594091007
-1791246349
-2135421609
-1838535467
-781033125
123590417
838242270
-827401699
-425106792
-1446129255
1822408670
-2035224590
-177611530
-1941906792
838744948
1644498702
1191003982
1410840903
-487209088
-2118866115
-593909383
-426484063
-1301049429
-1891834609
-1821637134
-1218299851
-1017912661
1697958600
-894617159
1590713405
1563487941
-1973275493
-1588955526
158982894
-389922157
549695511
1301854958
-1039531759
1621956103
-678875423
-1222840959
2056173522
-2094948433
-128160605
-1092059851
514207191
-1012794822
418725956
279227589
939525524
-149725638
285559897
-614142963
-1133689635
788706347
88720090
-334936
1028563388
-1341013325
172568600
-1861413157
-1126545276
1662156075
-1355906834
-1982120015
330264357
1420441181
-1164855241
1638517094
-775992894
-1800488049
1259472767
1031802120
1979200640
420191168
464273148
2122003547
1637426849
-1071767759
-889993026
-223222019
199279312
-2141539546
335782693
264447434
1110218941
-1762210323
-77590892
183302273
349334508
-1182888161
274260579
-248655449
-347696182
250454053
1208466714
-859976533
-406861567
-396945155
1359250395
-1973736886
-1531317236
-1080005314
-241310434
1924640564
-1564552947
412067161
1695208100
1359661295
-1141605154
766339105
1239754405
-1851351813
1113538405
1266653324
-1936922549
-257137097
1053108012
-643200070
2115429219
-1948334973
-1644738000
248191799
-1553954991
156689061
304988152
1774720892
-1827782331
-506751376
1935714537
1303764667
-1009203797
-160964830
2103039704
-1924850724
2044787943
1377854990
-1042289951
-1688604222
151619394
323872122
1779760246
1222973138
-1898968033
-431187510
825236922
137667764
-1223702415
-2093014819
-1386589937
874225755
1740247152
974482358
653050861
-1313112509
-1758938998
-1763793313
-1546165515
-827644167
-1837524585
-2022229495
2043943749
-1628749856
-2069781423
-1995289224
1333550349
2127543345
-958842877
1110468509
1738257250
688060995
-18173825
1921718404
-327973550
-129568500
453467988
1486343280
-1890495433
601698791
341206080
29502787
-1525019824
-993607017
-55306013
-2120174045
931280013
899224459
542114741
-1150526118
-1512823127
1723176547
205686330
1512994942
346194046
1367718066
-1491944845
1168522961
1389790612
389367557
2058892183
1981386218
426717178
377584676
271291907
-2040867692
-885060775
1892892823
911489646
-209172491
-1740362427
-448831893
542134368
732350194
907468502
1886367029
83375076
-1854074926
564185975
-551257513
-631969156
-1959121887
-1894266627
372093313
-1496515755
-994298154
424971515
-1565554310
-565569861
-1543839561
-900799660
-1736525536
1053638862
-932489476
-250725872
-2036565843
1963881333
1936289842
787912307
-1952787653
-1977619565
839664482
1413957451
1228278921
903648633
-1098216078
-1155405687
-1745346817
-496218981
582322378
1455787027
-1517840913
-1700797819
-464053446
991108056
1519601693
-1567481585
-911573478
-466794204
73447041
-417711153
1307886770
-2141741771
-769977526
1215259855
-1900747556
1146978061
-1956825818
2116319359
-1757862424
-838647159
1280375488
-1717701396
-454944321
-2054122318
543351434
529772594
-1741061046
547674450
523295420
609419823
2022036756
41635274
-1807250021
-1869785735
250156845
1909327138
-1716408834
-1328917615
631536465
132387169
194054157
-548134824
-972562358
2018012703
-2144249268
-1696114495
-433652334
-764641192
-394183977
-891828025
-1125903301
-1353564286
417172719
-1762259807
-1317385709
-1165534240
-304067916
-711880396
28316419
-1602488808
1152100148
397780937
427576503
1775549443
238472356
846700800
-1502678909
-2063499580
1639037676
1729569539
1255702404
1650365979
1600785000
168898301
1991871750
1421387003
-1141729556
-2040952371
-113898715
-177237159
-152283383
-1930069002
-622969418
1106170182
569303950
359537882
-1445365913
83769151
116618065
-398484184
-1558379228
1926240196
-896708818
-724679535
-1046746180
-1880730074
1902576208
2009142977
1275222980
-2110679387
439077551
-802335859
-1252393029
376101817
695799257
-2130885016
-1423800210
-220650320
-51653132
-474998501
-1103357027
1505354104
689609474
1496817076
-642283297
1234980798
2089540710
412369855
2105174210
-697494217
1941851816
404663475
-1595700682
-202331332
-262168204
1232180143
226382378
-1623167076
-1675943448
-539100059
-1583746697
2043113133
-1506165489
-1719739050
411276541
-361153884
-2032064857
1386264895
-261032949
-1160879066
727197738
-1920672813
-1357192956
-1179162594
-1332585460
80686505
-472006594
544220880
1822808384
6869879
-1020262099
-2127874002
284267264
-1701770112
1637692864
-1087524502
-1109167923
-1065810869
1584776202
-1737936948
-759602507
-966882411
239808037
1529560261
2005464532
1575283847
-447153069
-1940496573
2056072476
-1918218709
1617581413
621440582
1131586136
-1777640676
-102911649
518453426
-1000983699
267263869
-1101098404
-848570777
1621802979
-762818005
-603494481
-559335794
1920907939
-1952154314
2098986827
1051836213
518165506
1714207116
2007968100
-984182242
-2034417667
-2080837129
-879988139
-438416684
-1838392122
-1924538039
-1444342076
971327998
-530465409
-1187430444
1424856579
-190389769
164126020
-1174744033
-1436842311
668219549
139918959
491870935
-1431727679
1880552040
504822294
1616214532
-282478767
-1700070722
122291160
215757692
1416381022
811335046
1342301657
1236109979
1414794815
1911055867
2125035786
-594325197
-1149828464
798291650
49175981
1901285313
-911218343
1322864445
-512804840
975650018
74777454
-1497435615
1351251384
-1871169531
1289289496
-753819323
-1780097448
-154485920
1364342004
-2129059139
-1626901085
-903661273
2126401307
-1551776985
-35884825
-1862608901
-757678462
-1617286844
479413531
1532953248
-1230200156
1768050378
-554036957
978173683
-2012674211
1062253175
1122166865
-821297126
251174169
930092905
1763950895
626157565
-2020061395
-1765186132
1306528891
-134206476
-1985323900
1328709652
623261810
-1630859072
902944382
1741955917
550216785
-547442241
365734420
1061560880
1779812376
-724793509
-673016001
-733834409
1835504784
-397319997
-264127846
-1192901645
-1810477169
898385117
-1956147899
1031406556
284782714
-1517425029
-1791000819
1210818281
461193484
-18393140
-946958647
1475516289
-2093463979
1079052564
970294534
1338308210
-679496188
-286515553
860468454
-453131263
-478708760
-608617997
-1893832892
1175584321
736007091
82891332
-900246500
-1234296664
-1465861375
313235500
1660866090
921440478
-1656569960
-369041253
18908368
-1191541544
953085425
-1985197301
-1936457668
-91474395
1278960631
-424995080
-709870646
-1015646585
-1248048115
-1856709489
1957954214
1733032389
588268630
1132108965
-2109410635
-767956801
443905583
22174698
1965115829
20615619
383394304
-1868251810
-734076766
659704350
1652794164
-954904574
995359067
1338004724
-1198313339
-1732934701
7127685
-2125012140
-872424324
513636851
1442493871
248152454
1997642296
-1320868823
737751991
1006273959
1996573293
252405643
378864491
-432450697
1595806895
-1275054471
-948267406
-1229682319
-1910992656
-1881025075
-87476115
797600540
-619150009
697090384
1206357080
-820306783
-548783118
-1356799121
-480773066
-1762032740
-270748258
387322926
-1083048211
-1781997258
1278884837
732238683
2026854510
311523699
-1193732073
1854501383
1451931672
-1511531576
-1063620036
980688690
1079990622
-1092116240
1904843865
1489865669
-1416656218
-1329876481
1848528370
-1730045500
225590900
-1367642953
784896976
1887357635
-1377432889
-540722919
-436897788
-1598725735
-1360381245
-1644927937
-2035833301
-1963300013
-1618684273
-1453763480
1179619314
-826416277
-249117312
-860329388
-909978148
-591239366
-2043842954
-1799019566
506132546
259533994
1345550982
-292269162
490706075
495202351
2077793753
878281296
-711937283
817352183
-4027693
1215352057
-1192630300
-817087905
-65571977
1291310191
1679773233
175672745
1087683849
-1890741692
-920543884
-206547220
-2106930700
-1141233966
-565780371
1279519307
1462828526
234681490
-125202481
1224400489
-1949081511
764452013
-363326136
1607757084
-754089748
-346443565
1907030717
-1600083104
1411154578
518925900
2126006746
2095107213
1301049489
670111308
1023336393
-7609140
1973633519
-119621750
1657583936
-583475513
686698256
257654035
1007647425
366751
-392413789
1218467418
-865158883
-73507806
1604003519
1723665556
-1499216327
1548232253
-1122370744
1041897794
469435924
-352095825
-278451561
-1758932465
-618196984
-1610319617
1364578137
-1614152229
692985935
521741232
-122657097
1876961047
-2017550904
-1100737870
-1275243081
1443118931
-868239365
1918337050
993779937
-509057004
-1379966630
-1320032747
1485208101
-2007108374
1265576393
-789995238
888244476
1102117570
-982139552
1444151646
1103892684
157089912
611519343
-1289257075
-925247088
935568560
1416714690
1920993462
1299513016
1975995622
817743909
2106037638
-16840627
2025402818
-1664677846
760512696
1491595864
-30712656
-2100736727
-281915188
538166916
-747869520
-1476740985
1266739446
-1899123710
1249650794
2002503227
60904793
704745900
-475702396
-729580146
862365300
1248056940
1222266168
1593272865
250908636
1556124639
-206116320
958112052
240959019
-1541247180
31755092
-741910748
1743198264
1763382362
852016310
-1521563339
1610637191
-378159270
-1104571253
1218150290
-1517427709
-1656850432
1795649614
-1023923311
303841002
-141630527
-510317888
-1647991238
1380600072
1161548248
-801824957
-526200055
1127268391
-1349720655
-487420312
-1863750925
-124104763
1473905547
1414805446
956167078
484897031
-2139069608
-1361167091
-1391368427
-1716464146
1918594535
761700954
534204211
-1762110520
1376503876
-1765736500
-124036610
-251690776
404304222
-595904426
1498261950
1381333400
-257813014
-1515304490
-20093554
1662812238
622198407
327387750
70077979
-1483379426
2057714723
-700455182
-81372501
430841968
1693087388
1286338315
-324492703
-1695027982
871170474
768145913
-591718978
-1723454257
1236081659
-1020260074
-790705045
-1484491232
-1822196577
846875481
-1875711179
290923171
-793259354
-1025157583
484599383
974134954
1423710983
-1957566573
2134189055
-1045613739
-1116933949
-252299946
-399359221
1144274947
-683394231
-638579266
2086242835
336926469
1952309020
1166501205
-1965669717
-2038435436
365188274
128675329
1659765993
1947905797
-344634977
-348026029
-191744220
275665722
411873266
1350481948
-1977399809
-2113308581
1443291103
519647558
216062117
-68442170
-800018531
1336506848
-881687211
-107426237
1843832209
1995377786
-962016736
-1720500356
-307058516
857623986
1145982449
-2014446421
2095698704
-1369271282
1054715342
420491925
1814186745
68704525
728783452
-673307978
-1804384806
795928440
830425512
1003154365
904894918
-1536025859
173441316
1318708538
-1293057775
444204285
1286126575
-1068662123
2106881079
-1181250908
1807790424
1311568193
-246137349
2005291066
1839316900
214492722
645311955
1059947960
-1740505329
1450921612
892308611
-1822005090
-1608253168
258267036
-576407801
-456618237
1245102049
145129995
1302496181
1200050157
-867794370
1841607760
1364120995
-1421026078
1521596268
-469467034
-730889659
280289470
1539379068
-479522625
1274998107
1876015047
1228035024
-1894616969
-1508638967
1715770622
-1015430178
503718605
1456527431
857876663
674626100
-1576190514
1180559739
-1201496980
-896623173
2112814162
-332574877
-164300851
-386505921
874117932
287087160
-646233318
-1672666322
-530213476
852058896
-181011787
954664863
-551021304
-1462807677
1543153650
784995990
5482475
-1360231535
-470109390
600022150
-1980279795
-1351396926
-1696808145
1275804438
161503220
1446975887
-1879294568
1967235111
183218074
2010344448
-1194869536
-1745540842
-1302417313
-123490666
-181366958
1706489406
-1583812544
133907562
-559246488
1097806528
-1939805111
-19094123
1683817821
1967625349
1479549512
2008025298
1746539009
-1452320636
1224380867
369132386
-759414069
2037137216
-1724327893
1880146735
2028345140
786451860
1476090960
2097071924
-871276734
-924559950
-1455407848
1405106715
-1398723742
2056490088
-1574111381
1337414439
-914201222
577023653
1063778161
1631215956
773089087
447839036
517835007
1499882683
-522968637
1653966055
721345358
-214476229
-1982223791
-111566707
-1421800467
-1368973994
-656326532
1580299207
-812815112
-583138216
-57269899
1046800288
-642549110
-1953588547
-1318667107
1029145500
1140863855
-993518124
-762372773
2021389563
1713752350
-1079926881
-1786798546
-2057157058
215603941
1100608509
-1416414971
2113112810
-1673547674
833014794
23726286
-1764359285
-1130944703
-2110807098
460443724
1377893883
1124091922
-317233676
-1653630419
-986188316
1085191837
727837252
746243675
-2145863294
-1863880376
2066788787
-250931054
1457559213
1154913225
748979506
-1094673358
-938945514
1123160351
921164421
-1700433579
-1424295216
-512124731
1283466094
-1676224732
-1331579886
804461349
-1220383990
696518502
2099461947
-1115250358
1126819193
1577498457
-1975598059
-1726780454
1645565380
281170373
-1160379043
-419197630
1398435323
-265011635
-1245628542
125989682
-1217622626
1802553863
-1373438035
-384953524
1942389310
-1897036465
-1924210943
-1096700137
-333631902
1932733144
1217695267
288645945
1171995310
-1629592573
560401660
-1456146971
-129747647
-1678246285
947808957
1766824082
1218429791
-1608358175
419400227
794923245
1421068624
1084456236
262497788
-1505100529
-253842297
-869329485
1738250729
-1836701966
1083249669
-1379419161
728904548
796597025
-1845966081
-1555002853
948899588
1127577262
-1901811266
549726877
1057048063
1837342825
1292085446
-877505014
1658810353
618520910
-1474330054
48653022
1470217435
-1026355137
-1911192194
690928202
-176870547
-639122190
-1462337251
1097221706
-191537273
-348043732
-102701331
39726326
-275849987
39102255
926322289
609709335
1394846362
57002096
268548478
1554067453
94937447
-836161652
7552800
1877599374
1615981612
597092989
815661245
1981708194
1732868919
1680601608
-1884156549
-325829234
-640520101
1304084345
641472479
1777295614
-697776325
1690503570
-1925963338
-1409225976
134004168
1750326464
-823098825
-1745569667
90030343
1073382032
1354803817
-2116489087
585163287
611576928
38095810
1594740829
478877554
754816345
416400656
818274451
-456667533
-142733412
1534917020
363587378
2100859159
1351397563
642119308
-1119540372
78824455
-991751830
571673225
-235151771
1397539029
121263221
1922577313
824622413
1403768966
1866557685
614205293
-1071628112
1272498768
1467530174
-1260357258
-607064820
-435548
1267928091
-60349484
-634021725
-760727955
1187141565
-266406376
-995902830
294043290
1548947951
-628920725
-753199325
-1924737062
744954382
-745291530
-1776984738
-1961624922
1304765752
-1324707451
-1439069723
1714339716
600346435
-869981338
-1050533119
-1140954232
1741211377
1171465111
734175735
1594900766
1863240033
-1005162209
-68575840
917805319
216162503
2112653244
1445104184
-1922693215
-224388513
881946813
-2137841035
-1876487574
-379312226
-75080143
983420379
415709638
-253387094
1522816065
-1328310194
-2067244288
-1461662196
-98204454
-732590360
-827740530
-718891100
412500366
-902916595
1609426584
-481163555
793290684
-1104409413
-477744709
730109472
1194617581
1716310310
-1968953847
-157493363
1474191745
-2059175293
-980363180
-614304536
133805962
1694620708
-146299988
-1403143471
86961143
-1827592764
2037867813
1488986936
-294454284
-1327811292
-1217056803
-551120114
773546129
1329523926
-707281604
-933937344
-1266564447
135439448
1780686205
-845648672
64260324
651494755
375417965
24412325
-2015386520
-1795298683
1475710579
1828917653
-1955905749
-1687809299
-1412613681
-268307712
-427544315
-1437220987
69193766
-663459408
-2015600956
1513590086
-500052931
403046493
1840211864
1760436422
-1335572475
-329142426
1383744689
-1600096491
-213623081
-475575362
-174407898
1840902090
-754421761
978612516
1507188760
-535272360
1587185022
-208315498
-770523369
-399253339
-976985333
-1018862585
562647747
-1448029987
-301334181
-517073841
377169846
-1568229246
85031330
1385104994
-947510879
1710409415
-1600150184
-1058536764
1241492149
-1777411042
794326592
-425586116
1170797891
1130026255
-757183835
986412743
250819494
-1609617845
-1814314522
1340456911
-510334368
317543937
1597494581
1040477596
-559955838
-877445521
-1989396325
292411402
2073588305
2140997051
502417470
735530108
554224166
1874380546
-180681242
-1703897328
-1096957035
712894641
535489213
-712873196
-1771946799
257588244
1650102614
581328567
2091440719
-1157725652
1005157360
-808030717
1044250792
-2024396348
-893355270
-822265590
-458946365
-543073594
175470554
1854894431
-1498279373
-1859640630
-1160075287
1196042952
-1660676131
-1863264529
945777602
817431345
-738645283
265682670
-922132804
-1864215070
972093353
-1515758229
745560756
-2035880460
-1085277833
-354244210
1922069519
-716837887
-134742052
-330969646
1492201982
-1588800742
-1039078731
1967505436
1339131652
-1220087555
507953226
-1953347825
905727413
1778292103
542146991
2139111582
971066815
-61485721
-303734419
1622752738
-842330834
-656174060
1283211362
1026066477
1808396779
-1696747264
-1920232219
1862984542
-126781563
-1616464883
1807622189
394764662
-502497997
-1311062720
-202172941
982440811
-524685287
-2060633164
421960276
1612833596
993220042
-1995165744
1825159676
333988677
806550285
-564233028
1675575425
-1757094188
612879076
2091115792
-156954356
-247199749
1270944201
1195790030
-1964513986
-1544249689
-298012358
-1581888878
1654232656
1833667825
1640400760
521951751
119559292
-338545485
983568266
95136157
-799575909
-363486626
-1607238264
1358573944
178297871
-1294624501
-601498859
-1543147093
-605109534
-1521497137
-707794900
-1572192859
-1163795409
-1946888110
-564280288
-1832301845
-1801614144
-1189488990
-414080291
389641991
259643384
-317550012
1713771123
1883502783
508107507
-1337081716
-124742443
-55185270
1953144299
701351982
-1918004771
-799667137
-1316681763
1219358228
-445979246
-826002929
-146186133
839711601
-1592357203
1119119029
-2008429565
2025042197
-1437908646
-2127207701
373122625
1918802947
684515899
-1899590625
666689170
-1661460672
-1467798095
-1475853210
1686297
495503085
-18804899
-317930063
1638688213
-261015400
1189834212
-1677788098
1779656706
-136162098
1157263090
1496847440
1520465856
398286324
1266448257
-13390047
-204063758
1984903254
1890741339
-1822559465
-610014616
-1795745920
1859188445
-189404362
1899635776
-1543885620
-865414659
166848982
958837897
1858808636
381969293
-176495979
1461392680
-886721399
-1158601280
-1318129778
580640255
852165499
-643848979
1814721994
-149585333
1320052603
-998173293
-1042637578
-1061879731
-1070242458
1736820380
680726102
740910892
2065207715
-201853979
1837903609
-1570941159
-173049993
-1139622658
1255033134
-1736056908
1464017303
1397441582
-404661962
450257069
1906841598
106838457
2103472442
-1694543698
-1508251903
1720997732
2110449791
-577237384
308249503
-1982558152
886884823
-1326309300
1541480733
1564670086
358298970
-690584181
-942847022
-694703573
853059926
261357216
-1024172737
1363749141
616588931
2043637533
-1763795614
475663365
-1187552389
-571097564
1829938507
1414655382
341082984
4249864
1657198319
115730813
-1306983426
-1623737293
-678298053
995437073
179132076
1621861961
777809772
-2017310195
-1879713523
179493261
1511274141
286953109
1423319204
323194755
213658785
749223286
-793719352
-971504937
-1869150958
-662858830
-132310563
397325181
-441669206
649732154
-576023356
868763928
-218532143
-813398275
2115945876
267827104
-2021905034
-223416287
2048893577
-840463810
-1253003743
-1264801905
-1225190340
-1353877382
1028837705
-1503416139
274397204
1424730519
1571156194
-1483910522
13653500
763841085
1177745210
1149558725
-175653546
1856657496
-1258813691
536100739
-1626342098
-361969344
371331254
457308646
724282290
824667674
-627447537
459066667
-820956958
-297387395
1077130491
524095213
1016350851
2057687383
1246281371
356801958
-1827590312
2135063570
1165035422
1747478134
-1782517868
-423825422
-1768739627
-1818377437
-1616805750
-1784969792
1238789893
1891906657
412331430
-1502296148
1919677695
312851538
1929115808
-1835370129
-572417298
-2144445105
-1001198867
2141879984
1711399663
-484802328
1625590393
1088242600
-1603675417
-1363784919
-87693933
-1103131640
876022671
505962015
1224927785
-830485479
2042414291
1286001050
1299577908
-271224795
-2024711332
714957619
-1059192971
604681749
-1774638229
230171280
-992032671
-652739237
-188844824
1865817574
-1243404199
-1253461743
333604026
1075565247
1117194525
836251746
-922427559
-1240111364
-282899582
-1419028184
-1952063328
-2108363235
-155427485
1534695638
1446806759
1975074496
1638906581
302819224
1011683153
-548529049
-533999970
1937002936
-1331134111
-1409369730
-37689882
-2095975613
-1571448877
-195045989
-162452690
-638744084
-565428055
939981831
1980816514
-1485864657
-1255547261
-919034244
-359190294
-2102879047
2140532019
-1475393488
-2045533915
-985422586
-680273007
1306101010
1724024729
752007756
-528994677
1083054418
1727482756
2112123287
-981188225
119026983
1287752568
-328523723
848115660
-1708699444
1989540613
-792528557
1913123750
1314503882
-1011161161
1179247079
1780295209
-1807125891
-1899783870
1917198033
-830092112
-1384716080
-849018629
2114404668
-652103833
-2105151158
782331018
-2013334198
-228674273
1274863950
-1242550306
-1689938192
748757089
1794542494
1658944096
-438783715
-263583291
389795360
-267531413
438291233
-503665789
-465455131
1294187002
-98162611
-276278710
1255508838
-706870366
817782230
-1560410288
-1576001264
1171723971
-1330715906
-884586582
1136553474
1456376826
307560309
954752221
117781268
-683130151
-1222788101
-1880479052
333584411
-776727078
-1643464374
-274692525
596424554
1002985871
-1217195725
-1421514100
551443868
967351070
1989060103
1405918576
1628406161
-1676324371
1331463224
-1981506775
881211573
729315480
-1789183426
798677511
-1184814200
107888939
-980137282
-1460159528
-903950759
-928491379
183114985
-1957183365
-1032265132
-100831942
-1062596830
-645083721
260604607
73264436
-1017475101
1076600904
113721984
1837248315
-1932042015
-1894335941
96869858
-1917486277
-716412819
1553556091
448480408
1801758213
-792611556
-1736799830
1754529793
-1437715391
384931754
865642549
-1605879379
-1197655901
-347343077
-1877153374
-1996397025
588734813
1939358498
1885681963
-243345452
2132404436
-1764120378
-1532361840
322813572
-592945770
-1037079229
-228736471
2072729255
-1618250358
-660237522
428974906
-871625414
-743612312
-1417138725
-2054429814
-341140542
566513003
-1257371902
57781558
-1366400880
-46983099
-2057995616
-978350142
803764039
907235667
-1678201574
1374217584
2002474395
-103082734
-450068568
-1696089643
-172429221
1564763856
45082352
764151208
-1777357648
-1572666714
352815089
-934128675
-1061248602
-1741628763
719044386
234300401
-1295127060
841528142
-2129824294
-163734137
-330291753
-217476281
-1468503566
-1321899724
1901993388
1058339404
-1398813784
2059715222
-359754722
1539642211
-756263482
1257838507
-539000555
-1231595949
988890114
-453916321
-601944912
1985694806
-274740312
-681713306
188641933
-681808883
497482358
-138489524
735663431
213467315
-1900535866
2049937097
-2015345088
2007584917
172368882
1401987417
838698399
-879331647
1155035635
955184396
1496792732
-217734147
-311404725
-2046523750
46318586
949369595
-1492517339
722418874
-2026860331
-937526326
825255353
-1725201741
1951469981
828289678
808320245
1898281010
-592545438
1194073459
1373225817
-2071147938
410527569
-829440546
-2120543198
-519796182
-1098882946
-1335588635
1799126954
327783401
1588945379
952347393
1120425742
1509907495
-963965272
-918236414
506449425
-302238283
1398455972
-654067646
-1104685249
566977797
-753733341
1052463133
1823809109
1898747064
2028529641
1364879008
999474399
2143125365
-2040893833
561811071
-248134365
-260840708
149836172
-714236852
48832317
156962938
-955888914
1762468070
597505163
-970346978
-2114099863
-833972434
-473500342
-1199997461
-1376117480
-1320535807
894551169
1454652880
-930365470
802008929
426849821
-261753611
1923011143
1434128885
1800276829
-925482409
1221360732
-1991251533
1683755376
214925462
1388659475
-1556796709
-1008941477
-1080831219
2010616256
-1501275610
1022158880
-227708893
664197080
513626431
599347740
-750207776
-894419205
-2001774990
358206640
1587285443
1430666547
-1194361950
1016509219
-523624239
-1174632578
-1683916672
-1161260089
1617536241
124921993
1752658938
-582013351
-2035457417
-1317027906
1293971696
135230637
2060310781
946613376
-874229203
1648259466
1376675449
-626382411
-1733842540
1186544082
1829063564
-707420796
1528874649
-1970779162
762257688
-1982881441
-1398097933
-852557496
-2092199148
1900316227
937047183
223213185
-1651870558
-1244178114
-1983668281
-1557557948
-1620213407
1340255282
-668951341
-401347373
959733760
1249289943
1601627519
936125601
-571622893
1480107013
-1605806050
-2049288904
-1834910423
1430839091
1970761918
2131428188
-642410211
1368847930
-8478308
-1935017616
2041565100
106316639
-1550565670
507468569
361523528
617567119
-909774481
1436012320
403366699
1021050092
-1246108322
-1442126948
-3216722
1378867592
1502029610
-780070832
-381339174
-513332625
-1666063224
1508703057
1512122687
-1661835541
2044626006
-486415380
-96400636
-1634403326
-141964853
2840518
-1944804545
9568323
977499888
73963075
746738054
-1576411199
1422664271
-2031073749
-1929592890
1622688864
-1823591447
1722245515
1933847122
-277758385
-2047525524
-1379894311
-1637116609
146075860
866525605
-1803106725
560693998
2006665038
-2100445389
1152022216
101777385
-72255880
-480046467
194671662
1756436467
-1778364950
-1516961051
-1395560937
1391855705
1259511269
-1419030723
716882407
463258510
-817023665
2082819449
-130690424
2135857654
616184828
1436053926
1275377224
-1658053631
-1413911250
92000282
-1663213823
1834715516
253425247
-374534419
-559767431
-1438752221
1346567741
-162628953
1371322636
-753472646
-716171275
-2107297222
-622903160
1377812444
169813684
-1969643982
1443144023
-1515930924
-106203798
892053290
-112885789
80598699
1475479248
2102353794
364164149
2059521857
560685484
-834792370
-1412515361
382705184
480206163
-91031151
-661276132
598418381
-796216721
-766909014
-161377227
2075824737
-1882827774
-1003892723
-352483291
-97030823
-119745366
-1916008650
-366778497
-1044434263
809131046
1259098587
2046718095
-165871338
1407709464
-105025695
-1252116544
-1982410811
1963662092
876653456
786711357
-1516369138
992944312
-464094839
-268616487
-781407595
971859589
-1704375818
1881202227
-1844112229
-1226919602
468914308
182582037
1671193233
-334016154
1622224014
269110812
1847319278
-955483681
1365354778
-1902908514
-1319127999
1289832457
385878024
470580935
-1471777399
2147368761
103222408
604812549
558204868
935214283
1117796556
1899002789
-1565733691
1848125545
578876158
950203326
-1601417398
962389132
1505789300
-1256505267
-591634355
-623557822
-1104056798
1817547425
-524700262
-301726926
1669050704
1424365817
-770941535
-156493603
1046291340
-537283733
906599565
226215974
-112206112
896701190
774768277
-1551805933
705058632
-418568389
2085514129
-1021953323
1513079390
-753140360
984836047
-1825936379
-34683305
-1758497003
-1055085017
1890105136
1519887410
-1461159565
434528076
-1253933931
-672509651
763591778
-1285815708
1133017644
1078997883
-644113725
1978266331
2048067306
149714484
1216055662
26695540
316423747
63514765
1061984341
-918554976
1158864880
2086313032
-2100157975
-509182957
-690690062
70629229
945949884
1257046931
-2052250922
1785539898
313607015
-175440622
-1465957831
-153824681
-1022015827
-709575169
1363293582
-89554867
-1370866208
-1566944296
-1558131938
-1123075015
-1159779965
-685216765
93642064
1388221628
492837936
-1185979170
751931434
-665490635
1433443772
1887558676
1863672599
223255602
-1920557928
-44216782
725949162
1709652771
1327010169
2021956473
717015074
997152080
-182994629
-1226996235
1630825839
-403738612
-1866888958
-86016818
2137655925
-487901654
-1893613406
-156022563
-1071968561
-1533212496
2075180864
650669698
-1225557675
1653434058
-1060110791
-1585555276
-960944222
254042369
1917900354
1540137304
324934096
1157794732
-2028997937
-1514730794
504147589
-2116934490
-1512958023
688848618
-655549645
-770154431
-512418534
-87185737
-2037144422
-1952837255
-1394981509
-1603342303
-1980015727
493232492
-1919069647
677844059
-806788602
919308809
-402785789
1414624190
1573977155
1755826184
-862476784
504421084
84996722
-103417831
1138596079
-1274641195
803669603
1867912031
-636492777
352743144
805208459
1984364319
2059390849
1074057549
-1588912305
-1740282956
859871116
249680193
389142402
-982745402
-1848924897
1014349921
-367702740
425026747
-907172844
1162968379
544466317
-716937876
-263971884
499894561
-450770079
-797210596
-974557634
-2010273983
336159332
1134842533
426205388
-396551950
880865048
-189640717
-2048486408
411487056
-739477819
952306102
-1009546020
557615626
-112256064
-929601197
647509272
143100793
987724272
-41044965
-1013779209
-1144329739
2112276365
667063998
-178074668
-1992040860
1063960107
1836250113
-30274886
-1531277293
1570672630
522152622
-635464374
-657486392
655846719
-292698420
1786825953
679429143
696606263
-1076637168
-239826439
-1271528204
242840825
1314535315
-270415921
2019849353
1171168205
58552004
1233315398
1244491594
1255834538
-1134698081
-750213621
-20726459
-1075808516
-405814754
-370261255
-1398856002
848827560
527319792
1112166589
135642618
691418956
-555931800
612253117
-1470139813
-1450799925
763289272
1994432565
-2083045204
394830344
1351917150
1750905251
-1146186562
1726703344
18952157
-524051355
1165799475
-957452610
826172848
-1238204513
-1654838631
1256222842
1663069051
-1149612702
988667578
2129054658
-1610521213
715450122
1739446577
1093801420
-1578953888
2055543782
-2092688320
-947916118
398158320
-51024354
55463137
537575120
-1686349681
2135146961
767859994
806079699
-71946876
-1115268483
-536770667
-1459799181
-1835577923
-1636250972
-1370410897
1695852507
822293439
-1773815381
1641381712
1396719654
-2119833129
361538564
-1043773765
-1752958427
76051349
-851379825
-1426191194
-835915169
-486679942
-1309524419
-1844098995
-1020446888
-720907792
-807202570
-1817237182
995263766
1338844794
391068860
1725316040
925807840
-676631509
-1684064240
-1299153310
-139401912
-351231908
1128904340
351517862
-556097940
-723471720
1862938865
1369719638
1810658936
1224091867
-1474459910
-1400749648
773454446
-359902468
1285824529
213609476
-1014178007
1716830566
2036018633
-1715752057
1081851550
937489166
-19598131
-1613682841
-1684478619
1327787680
275922943
-1962650849
-1369312137
-698172677
-86154780
484945419
-1323214023
1176496864
-1595316162
-214568898
-671158855
-1428049947
-1229036038
1514168467
1485642550
-1694881617
-832178356
-324308990
-367752987
1752489567
-1000774632
-351717836
246945010
-539908788
417662099
-1765366952
-1398307388
-1765780237
1246415914
1574533943
-986224251
-640971989
2110267042
-991269498
1075374561
-1945112932
1094800256
-845684870
-1554737139
1543545969
513248170
-81577310
1230468362
319876428
852737357
178509040
-711869910
925244794
949754369
1106757144
-1306843693
-483105689
353841963
-1017364963
-1379348350
-1952704684
984776867
1344024871
240963090
704934726
1148726677
475884698
-969400514
382470721
1358581676
-436115099
-327436444
586567606
-1952977812
437284759
302881419
-2013202375
1346531551
-59056329
-775727193
579018870
-1624211597
375763540
-968662245
-2078052507
-2058012638
-1795912614
1766004094
-2003720260
1916886739
1054141095
-841002335
-1023189851
-1903819776
-1896658339
1999248593
-981811791
1292276632
-1073981575
216504408
-1676038645
270691877
-472286940
1998144330
-63792400
-1619234767
-713470135
228484477
1810613598
-961999898
254408039
1746730200
-748621045
510777588
1842618023
-740906544
1987754648
870825655
918773552
759259184
-1234051322
-664068969
1939420858
2054414360
1315466857
-429681486
-607276959
368196423
518625242
-1781048136
368683963
-278467940
1404857521
615266583
2052334380
-1785120807
2105868532
106595927
-1668480136
-1699086422
-1871536375
-1736641338
-2100991847
-299102235
32572083
-215098793
1796101074
-42097133
339595067
1875721927
-2049691901
-1784884689
-819809043
-321321472
-617696961
1571340717
-198706746
1278401730
1081211035
1784559293
563763562
-1329214592
2077683016
1681764304
1039822939
1127715719
1927168484
1601045339
-1944377752
-781174171
376612108
726037466
-2103980958
612657032
319027253
613908503
-1230905066
37058596
-1809932356
-1720061013
363966838
889482586
2006925370
1944058821
-89896935
-972875626
2111077661
295453737
-997957659
-1872680392
-1897558925
424632444
-823964151
644417142
1542304777
1810630078
-1870522575
1819968640
279577524
2122766358
878322677
-2033189916
-1432887058
-399585067
-300398447
-1933818829
-516409436
2144829620
1024725979
-1646884123
1913939021
1194242656
586717553
1299391353
-2023806146
-1798622920
1425222449
488027616
-757247684
-2101692331
-1567640083
-779915493
-1385780910
-497988150
733066591
-1781131230
-16143387
-1417900500
-1298926758
119748359
568912645
-1593725868
-22510014
-1218273701
730527749
1278552419
886424254
1786384080
-1295348147
1579649286
-2010901333
438161183
-48359571
1379042810
784069459
-1488429524
-1983193994
42371794
156394718
1752736615
-704022395
-485461256
-1978284792
2096644468
1734762655
906745841
-1156332780
-580784371
855807172
-1206489372
-1775449344
-1833305561
906350142
-1411564964
1899515385
-1108780717
-153829575
-1882942388
54566416
999157607
-189581416
511202387
1660178734
-1441208995
497238789
107058753
1842765637
-2074198406
-439380918
1205069018
-627740728
1598491314
-773795361
-1365521191
310774364
1216994122
1132632003
-306897865
96640719
-865903169
1180058254
-1819323988
-298870711
1937981670
2027870151
782958710
1053880256
654297172
164798323
1707289688
1640100273
140816895
66339565
-1738415643
-285791476
102257189
-1033992964
1961856766
1811788143
43780460
-1303714014
876666776
-1737868649
1708882250
1594675250
1084170946
-1361201390
-1525671258
-562034651
-1551664154
-1364433863
-571139393
-658334420
-637705138
-1047557795
1466016332
-1291876856
-1740554006
-1567009728
1109256933
-1953458791
-1989930929
-1020950329
-1020672351
991138741
1964340483
-285673492
1525775871
192384827
712613879
-1116933639
2102929417
952417639
-1588011180
27469810
1665982646
414349926
2045957498
714190930
705855888
1262763821
740269124
-1803672838
2092417174
14655621
541677713
-612761498
-1279796894
-287659158
-1402142208
1759631393
1536828558
1268986518
-1661377798
-1878793605
-538361516
1150607703
-380660492
1596588408
37795188
178071465
1444445429
-846308086
1203382106
1562989440
-1193866154
-1820258685
2146539135
-2050200732
-128497208
-478638268
2053781007
-137388477
-1323932005
-2144477510
1335086539
1186552962
62940221
-1736404085
-599079632
1124363860
-1163653632
619596811
531315929
-1241408689
-641316065
-1356058124
-1515070943
846444348
1347030274
-634878634
-2085934836
-1742788562
-512598592
1252352716
1075624038
1786984917
1004032742
-973260560
1289835564
-1216032237
1590093942
1085579536
568590891
-1757979952
-330627022
-528183519
259761383
-211159798
1789280538
-1866265357
857958589
1097615663
364311346
331347110
-1502978229
-1142978386
282129287
-1961992612
-1195971313
-627215157
665709684
1258992943
1595993422
-1123516750
-104006111
-1367824539
-1133531082
-994749233
1259168588
890463714
-730384570
479162716
784866891
-425859363
-337488915
-1868595653
73986641
313008086
1714261105
900964869
1975987439
-1625724217
-244258030
-1953035678
1283654622
736070297
-1462428817
830949274
2092206843
337969881
1567783463
-127185556
-326793582
1818801835
538901186
842607902
-1977639458
1677460222
1335494610
-13312811
804041168
923518977
332644693
159621158
-1296081905
665589204
855588189
1932846572
-1974085056
-1213894525
1442164466
-1684361381
-1559631481
-985800913
157980471
198759509
-1549511092
-634963315
1590650058
557037820
-462207935
1079996052
-188275344
-1826862969
1496216228
-1805212814
972107250
1954564441
639959233
167412159
-405021631
-658284977
-1494976838
1606747636
1566496736
1983269209
2034308746
845190942
-1448184702
-282639540
396605767
-1761979186
-1435493646
1627356405
-1593721689
1828114515
-1590567886
1401888112
1344783556
-343104214
-2044357913
-1830137414
-1891084765
-2020891467
824325876
693059973
-2075423758
1304332587
754206563
-306840245
-429035887
1388340176
-969904500
-1675052634
713862739
1895709285
608814192
1880353757
-513554812
2083555296
467620709
-744285247
235064494
-1910533024
-229981448
322469562
1400926232
-2042570662
-1498133234
-1638223844
-214110833
602595096
311320908
1230314175
-1988494488
-591373212
-2070046024
561833933
1622602180
1036675456
1960307616
-1294629155
-1250905323
12918104
-827317318
1710039873
-1076291359
933295098
-1324272500
-1048929637
940697798
-378619579
-1449207794
-1848915786
-139225667
219343584
-2113438324
162282642
-1993846366
41469294
-57827119
-94786880
-689425677
30175487
111996801
-207834896
-1171557673
-1530462007
1210179782
-9322808
510920546
-678544873
-1075797201
1461139446
-1918886377
-2141890944
-1309506348
-820829304
-1018479954
-703908516
1056913853
1309932666
-430178794
842379380
-88497020
-994740336
150526396
-1612642312
-4324040
862671462
-503434483
746953141
-1075203452
358711237
1807006522
792024966
-166543089
1413629239
1244593978
696627467
461913382
-557310500
-324963308
1539433625
-282469736
1409971838
678986590
-1640174736
1869627105
2094110435
925129728
-78023373
44910986
-1540404125
818580285
72459924
-346161457
1046423993
1116316148
87002958
-136447871
-1177915363
1727752738
1577225048
661029166
792262033
-2023329622
527237975
-1337868930
-587621253
-606607528
174669907
-21198881
-1302187917
-1670700253
-1512356179
1609032292
-2035303330
-1634452814
-613356464
-1327160598
357412283
311920929
-2018468313
-1719255684
1125865788
128981252
1646954702
834523384
430748824
-1258079317
1372002443
-84878862
-134456929
1386205351
-1855388545
2062954455
-1328404850
-458489459
1506302232
-1800523691
1065553828
332166649
701445577
-1545650950
-924584459
-1526971435
1175990781
-39194853
1100126077
2025660379
-575038136
2125604343
424995959
301699671
495455967
1648907035
377521647
1752904753
-1095894966
2091952391
1365295510
1700476970
-1591922857
-1000599535
1202448085
-1971075995
1362797393
-1530854007
-393969372
1674633257
-244076174
264292637
1938131867
-220726811
-1754280811
2053602431
372064712
141642099
1753771055
-1650714300
1944299971
-1308716383
2103211648
-851484401
588721024
-2013459476
536058372
1049045998
-1497708188
-804754034
1446595120
-1957316349
1544998426
1381067962
-757181606
-366811802
580256678
1240082213
-2077541896
-620270262
1799800761
-1938865464
-1438852852
-1059546274
-1318547129
-2135112220
-137890849
-213579147
-1043088554
-1714820282
152547052
583621992
1704110361
716666572
-272227297
1667109178
165713725
-1345303001
-1645377985
1026411901
2117316225
1039423969
1149470631
-1112156427
1295854476
451015329
-713557956
-1784117126
421769210
2102550190
-1773482342
-486279646
-1696001865
-803069007
1247613072
-917692770
-500288112
1208365246
-394047794
2114080484
2057100807
601564308
-191387684
-346186738
-2006425754
212612132
-1892383154
-1716873342
1792258070
6518095
-1432318411
-1375690414
1136415792
1223528948
-678990376
-1637516060
-82903212
-977852631
-39680604
-982381611
503578553
1326077127
2133826400
1825395482
-783366523
238502188
-1723659100
-999281048
72163679
584750395
-505006965
-1092201003
251132225
-247384921
382335143
115841471
-568284526
-1608993167
-1084182219
1928231148
379800179
9462190
-1565400943
505378034
166161752
-1006194035
-1620218388
-450443047
-1450294565
698067864
-353675461
-1746377218
-1496966452
1690335034
622857842
137911098
-1331124340
-664724095
-1956841999
-393213374
92967323
-657632733
355971134
2115424080
-898092946
894541510
-1788201227
-1248133373
1938062469
297954683
1864953084
-1920835965
-464744771
474920843
-561307654
-1115194904
1399013602
1963482230
-1149915895
1921744091
-1166163064
1995203896
2034154665
521826686
561200410
1310046158
-1656960520
851052937
414107187
-127336713
451045663
-788965963
-1848355028
229689919
-936673009
-809889956
407796469
-703780296
943189101
-1332586399
1887689512
-1442165494
-1220889142
1840256333
1758525787
-85598418
1369727767
-1382726214
1280551349
1539519606
-471727017
-996737293
-497343805
1644854608
1064434070
1031728348
1059632780
-1540387766
-928340967
-28738289
1088063714
-1226772519
1302230742
1895372872
1461376762
23618645
-1387521498
-182907390
-356277185
387048007
-1644128584
-1156508063
1028644962
-184627993
