8709
8709
364690377
-1592488366
334518965
-702610209
-1764871023
-1199123984
-1196681543
174187349
-1327496960
1684035881
1649989109
1858953512
449660330
196508321
-1817056503
1514794616
-826497282
-784205610
2007017985
1658175084
-407264322
-1344356988
1043007982
-1598387410
-1184587094
1992386377
1739738035
-1517480390
-1096177794
-54162036
1014282780
1533929688
-956767457
989978267
836949812
1383536870
-377777392
-235045869
394889943
-1900341797
-1636637654
-860604028
-950524283
-587939320
1200999564
1196269908
170021497
-1085711329
-199356209
-1086004253
111884281
-1702822663
1266935934
771626224
411598063
1730325907
-169151035
-140027078
1510007993
-2060625575
976913511
-1526008214
-1712084420
-1393090393
-1157217291
702627632
1376970559
1481691020
-1945374404
-1065351765
2072812789
1822653648
1297982207
1236726285
-1377619493
-1248160456
-2036879899
1249823614
-1368426300
-1337141497
1325159348
-82065087
-1139567311
-721747512
104772031
-1297001963
1128747238
-1851572662
-798383459
1095224797
-400836935
1578402540
-186218725
1462463874
-1352857940
454916122
-1468847501
-443216616
-1831381186
1848025367
454374845
-805530561
-1741457410
692047100
-2129860955
1367767243
187099488
2040861696
-810549923
217335719
1275788755
2084562168
-667871787
-509978634
-1734576110
-1393760479
-1981358039
-1017443206
-1092207942
580367389
1726606427
147474233
258923804
-1412846021
-2145977023
-543034531
2095724884
626620155
-1141958976
-153433765
1378699162
331139536
1303231290
1833611608
-2076976425
-413745369
1518406725
-706975801
2062357115
-247940184
290898588
-1383446442
1635554701
-127103045
1500262746
494953226
585886467
1816300365
-1812019100
-479707224
1009288019
914786771
1365101095
-316476585
1692419913
1294678670
-797628285
-1302565758
-1214791654
-164943599
1693760774
-676521725
-1015927622
-1638708736
-1565110180
-894612867
-1328211862
-1801252839
1345856774
246414600
311838356
-1674949256
2099837258
84993043
-386136102
1175282966
-1201818518
1683743110
-540717972
1490849938
-1051184360
-44938457
-1645213799
703807027
1745479464
775201342
-1706444632
-178205907
-1057735033
-1308778118
-331404056
-1322508765
-1082915477
-1398422251
-367145210
366470637
2065971148
-1386958537
-1773529186
673546394
1662514706
1037572759
957608723
1131466424
-512585457
-1039264408
1980444835
-924879150
517988654
1282076274
1866682037
1111645497
-824288020
1956704894
1880569973
271602695
116368008
-1661810698
1223870626
-36878495
-488937226
-1071694131
934356390
841050619
444337176
1465891484
2038188774
-1827133984
558573615
65051405
-1794419877
1903613299
274200719
-340965764
65165665
731351216
-1883738734
-1921008934
672137167
-827041097
-2145309234
-1149384491
-820905913
-799794293
123729546
1626103093
-750052658
-80653802
1312231277
1149467785
-2129993058
419486320
449824120
-1768696574
332358714
-1123179424
468001077
1641613982
426250435
-1628219870
1025985584
-438165112
-1942955382
-115746966
-2140448346
481012414
-1727885595
1747978409
1346528892
-1197631756
-236029626
1745103502
-87145358
1859703736
1101570953
318552527
1582900376
1910445782
1575307148
-1805860056
-543623936
1281457149
-1641855484
1722479523
-1965136460
1772673185
-1180256626
524478746
16435434
1121249827
-1878792956
311199482
900153974
2086519343
-1530114030
1909281609
1928002175
1381734
368344328
-800841751
-492484747
-207925188
-1230850831
-243301347
-1740897470
471242274
1518599907
-756815284
-1212317761
-63435034
1908796312
-2040646139
-1731670423
-1820449190
-525793731
1754023491
1233538899
-748117452
-1735852406
-1049307151
2082847582
2067640884
1349836818
-126055249
-17424984
1397579404
-767366437
987634134
1736405058
-1751975813
2075189553
331867065
-1957900251
-1922404038
-1160061258
-828274386
-393118619
-1425425636
-1352659778
589308748
-591260506
-1345546000
-2027042855
939015541
-891368753
-2073854039
1281297072
1483262358
1707244542
-2015596992
1646735892
717919405
-1349131077
210165721
-291738028
-284950645
-708483985
-1809695708
-2019068466
1937309659
-2083847146
-673682938
530795720
1913367906
772125747
-1132697481
-342804864
-717103225
-68028924
144642477
-1368251519
-1276600554
-1649974281
1988783226
-325570249
1473671232
1858194780
-1571409934
1272450757
1593424102
-1206658725
1380867408
732650262
1961936662
-991140569
-938535911
-137211854
-1958921259
1737953651
-1454963583
571756498
519888414
-1236028635
-1035721714
564405557
-1859249622
1971821385
1887733883
2040926260
-366563086
950463047
314543326
430108052
1715952626
-1602002344
-59136756
2073366683
-1184929490
-695112394
1333232444
-1729060379
736072569
9128210
-611617814
601003895
824941300
-1578790709
-142470147
-1331783148
1028547029
-402156708
-895367893
-2012910641
-632516247
-1771229547
-142441316
1727177697
-158463141
-2013322995
758777805
1249498044
1318497078
-1907751082
489833399
-1496815265
-1597301721
1561032818
1623114287
-1029512468
42387207
1544549766
1273457039
-364304521
1855200409
-774659891
-1188717930
1577523488
1047052303
973270991
-566572916
930329699
899372499
-1827156783
-216666199
2108838062
-1574897021
-2128422001
1127189943
-1708206541
-1606638020
-929573592
1847197942
-1115226881
518717466
-2047922343
-1887538881
1155524939
-449223169
-983661843
-1885558933
604551442
-1432408940
-1945344652
1843820277
-440412445
-1336124531
-918836686
1169530333
846865911
273771056
-46842278
-1817887025
-1939317882
-889733097
477566076
-1090102908
778574165
710606388
1931596603
-1602689688
-1336697453
1064260629
637942594
321483389
1190927334
-2111740568
-1353811849
466449534
-2042096705
658539457
466539121
-982082489
1773156341
-903069541
1322020904
318235507
-672482415
255499164
-1816124693
-1038275001
-1287776281
-413380323
-477729642
-1230985266
-34496539
-505869079
-1949485821
-1277739964
1793291439
1180009795
530768576
935318967
1924181866
-1812872659
1980877570
1454849771
1599460439
174986471
-353489702
248303742
-1342512348
1680442294
1974217638
-1160623028
1308596350
1001696742
-1921614647
-905737452
-1332628246
1507879952
1075166366
1070129243
-1235198763
2044702880
-1782341975
2044811408
2057102825
-729256815
100953359
1886401904
480945569
-499680134
-1001092280
-717534037
-1914399457
1754784206
1579085842
-870437689
1207492156
-959591329
290245288
948972612
-305682975
-74827740
1796065075
-111556863
2041816980
-1919671493
-730093952
-1233654306
-1003981227
211853360
1572019444
-739103583
-184322389
-1910290305
858205372
-1991063011
1204413945
1549062999
59993928
1186875024
1852277525
222680224
977601017
1486478413
-1512657894
-1330649025
1220086296
-410589542
617350525
-2053649000
1997210634
-294432037
730660446
1224161108
1939624385
-639795217
1991886368
1154306916
1929493622
745287641
-766998725
-1352577212
1759174036
-1813942365
-1082590384
91380868
872588023
1215928702
-1654346627
-70977149
1942446677
-1103768274
692156402
-1791655299
-1010028548
-1650214236
-290380348
1182027464
-400790339
-1901462804
-355325439
-938484134
-837435608
-1510198455
326296323
-21636210
1885072376
-1420407139
403302665
-254020313
-1756544559
96606478
-785693949
344839316
61180968
-634394138
-967076692
-668093323
-379010687
-371882053
-1499489826
1774803806
1292755168
2136255183
-952663263
-1300398374
393589369
1574748601
-891615356
-897723727
-977248343
848419908
-1547419728
-419936147
-472902103
-1464016746
-1323000263
-1049738469
-495572352
-2098762092
-696215241
-1870216370
-399807047
810030469
-31205099
-116863128
2081139286
1426702325
2024341672
-2099405796
433552516
-549226021
1739416195
2112764206
171899279
673445118
-1166395512
1168688765
669702807
-1960415341
-302896446
607483202
1591811716
-228794069
-2035593614
-400303718
-1136830665
1630900683
973786727
-2065870783
1325667841
887127900
-1564937326
-944669537
459025240
-186960571
-1290187559
-2061622519
519024071
1567619670
1994133803
1682170688
987888678
593459431
142282452
495818556
-1796788469
-1984281280
1774566417
631790127
685550976
-1553865157
-2067448601
591821764
1309268213
1191134248
1702523440
-2063080537
-1976892296
-1061772816
2055562741
696691017
1339566882
-155220868
-1410946813
1714349028
150739412
2005478487
-2130676296
779417277
-668467165
393905553
-1694061539
-1938956888
-941974384
-605638170
74054457
-1442759215
479295484
-826437344
1639697316
-14336328
1357767770
2098326457
-498221222
-1039110275
27177638
-1207622716
-274146607
-498189219
73061397
1044549644
1747299148
-614025092
-783787379
707978621
-1682964879
-1080901660
-1141994410
-256748862
257294105
2063709645
-1618411758
-610651601
367774567
2093376286
897379818
-719751711
-1089873893
1876212019
1527856906
182792740
993899815
1154645217
-660804530
217901588
833226627
-1994842698
2137441085
424968838
1238092861
2020031877
-1750290379
-294650072
1491613907
-1314608095
-50853656
-786731546
-955790140
1409538919
-12088826
522953871
1083730020
620236673
854522939
1759163576
555318512
1495781225
43496540
1444755936
-36525599
-1762174548
-976461092
-1283725868
-1228514428
-1329651344
-1238505852
-1529942187
-1390985526
-1820420168
-1256843677
-772847881
2050006620
-1390689051
-163006718
877377099
1601109234
256145023
1369575132
713968960
-737705755
1242432821
-390738420
1935720901
465700098
532477730
-1656210104
1613014451
-972889440
166593105
1706485773
-832661782
-958478092
334377859
738539035
-2132685383
-1933298269
-693617361
-1768642524
716942723
-638885224
-1268174135
-707286080
-1414186082
712424727
-1642122169
-2083964253
-1959092098
1278949906
1155059168
1742911760
-120121582
1422465979
963907606
-538130544
1937108589
-87884710
-36133898
178191327
-2004909655
974795359
-821534818
399357223
-604812792
614785467
436608768
1109688176
957247323
1928547946
1196090596
-1822508459
-903841113
1234125908
1031637043
1154971387
-1406791932
1042917461
-1667141263
509919551
-371471160
-739801446
-214618997
-469645266
-260455707
-683593170
-956181806
-1559324231
-664137073
2113620436
937988423
1763927465
1548986657
1340782102
-1005859048
-1142916144
721171521
1320285342
-1903839126
-1711048319
-485313471
-692632381
-994692775
631069249
-1658433336
1601735014
-431065796
-1932763203
1982026673
-1101335553
-639572435
-988281601
1038773810
1516358898
-1356869432
347893980
-801854400
-367465177
-1856100303
-938075215
-466044366
-994788135
-728662437
1463131214
1605132452
2100480941
-716915576
1672400945
-1375249762
-1218226683
-52469749
-2009738506
-476386828
-864728170
127745877
-707823346
-815542801
-1675384009
1422859054
-461225553
-1263370196
-1707325444
-994279358
-1697647605
-2128618556
-484095101
1711520990
-1089512509
-1576889683
-1769469555
-287510788
994105502
1895568735
1788672207
-244224388
-563104395
-1082535750
-167910134
-1513547852
-1319273870
-1351490010
2124459609
-1948042710
1985195641
-2106539525
-1276237367
-1784074337
684440549
-1182845917
-317851858
-960176304
-1067193225
247394046
-1128701900
-1740263049
-963399542
-418017147
-1502309196
60995351
-1761565301
-1524852303
-819013560
-61797895
981012393
957282333
-901810911
-1391351567
2075114184
-1177352726
1555990551
-427142043
371226298
1003103202
-912918015
1945186063
574857904
1492996575
295189062
684402433
1235909614
1976592749
-2119201100
1547266793
-251321410
601611950
-149812081
-1689096298
-1330736986
-1540936834
-879522067
-658028102
-446046500
1627146454
1408253505
2094948337
1304409081
-668018059
75463988
-237455102
-199120403
1329066172
-2023207237
-1637389725
-1377503949
1697744089
2137885029
1982524162
1250212420
701174568
486108148
663637570
-256915888
1845688277
-1519032529
-2098418877
-827547861
302412229
1081356534
-1861274522
484056709
-850104394
-939428714
1123468047
-624817058
1633520548
-1966361506
181132205
-1130992456
94230638
1293037682
-1577292297
2001302669
-1126996551
-645273890
-482421385
939219459
-541155820
-351665938
-727327157
1199076317
-1593318563
-2080292420
-1368796630
120937525
1639452002
515590665
46584229
-237106584
73903818
-896154288
-628032081
-1587013552
-786217930
-474819560
354628959
250062520
457224610
-843626614
425028595
6919436
-2025541103
-67599806
-1535911145
-1911750576
1069358441
-1285090711
-2080336537
-1396621997
1994336411
-1044358909
1268596018
296534563
2114388998
-480062843
-1441602687
-2003520829
1713929245
-1832528726
726291287
-119274213
1259765830
1800328582
-915976903
-76779473
159495173
1649119194
1096644336
-1377133933
2062315097
-1384539990
1199440781
-1275446242
1574226790
-470205939
1391024044
1455302366
-1589922733
1980933955
599797245
-263492789
-608566923
252829196
-1952186368
891685822
-1513940308
1945028919
-2100381937
537981731
1590082061
1857845368
-1576670815
-631627027
2077865153
-617381506
-1557255988
-1075360694
-425202132
-782705083
1132929547
-774485864
-1695557295
-1450976088
-2082367167
2143823126
-1444270988
1847259961
-928219395
-1910196770
201763584
-1668772011
1170646783
571466770
1284581803
-2056900494
-1260985605
833170261
-1637863209
1827497146
-658209380
62978685
1860231483
-710706467
1376162251
1152838534
468319938
1227750690
-702539216
-370211127
855262642
-74757696
-855337736
-1988393620
606367249
-590619541
-2121848871
-2089040100
-902987453
-98689744
-1834733485
-444043527
-1433901577
1774700677
-895185865
160422866
-1792817596
-1278917476
1393452652
-939167854
-206719986
-1686603785
-783315984
-1938204167
-465391698
324400448
-62288611
-1965696370
1387525330
-1021800358
-559403219
-975557165
-269799008
15773875
829354496
205167034
-693105631
530969819
-38621668
-1135588008
846600668
66517850
1077972724
633014231
-1910493759
-1410571075
1581509996
536984241
-401596343
-1601084686
1527828124
-1268868325
78149082
-1361745451
1968245460
179721918
450332527
343921930
-382836513
-1652465748
630854008
-212363508
1576270220
-1184267375
1272794366
338576774
340139881
-1697824216
-1140394230
513742561
1454845649
-394422543
2079058503
-1907907298
1433207337
-1625150944
1600401126
340363748
1459248742
-1225057064
288728257
1229006812
-1463540783
1433855129
-1174623293
-1177602756
-1602074866
1485171189
-649302394
1670896546
988337754
-1845698935
-1128877251
-1284275934
-511340781
1760689707
822433491
1555730082
-677197955
-1928286368
-2115119532
-430520476
-204951358
1738684176
774474380
1373242852
495072570
1723954044
1466137069
-1534889501
-2053441811
-1139092881
-2129206091
-2028371005
2120233557
-1057425741
-1517818033
1762683157
29788519
-1468940090
-1498280198
718904944
1626536660
898543310
815668392
-206384508
-607811189
-1182349367
-313773528
2115462766
1273518210
214926856
2122036614
1683562316
-36815178
-1741851427
-1050790223
840555796
-549972112
-532384365
31982430
-1331074399
1988645577
-1716330594
-1321495251
-655901938
-2069853585
-993923053
182140425
1853696071
-1401086296
292109401
-1726040365
-1153464612
746528662
772414497
1629516866
2008294168
1301612221
807616147
1932584452
1141635922
544670914
-41165111
-585366487
1559808898
-382474379
835275648
1500499649
1989066263
-241705967
352892428
1220060099
-162540026
-1547267647
-1267565428
1636994864
-1849989594
-873037722
1428906847
1354561911
-1584584262
-1160554601
1470853590
491804699
410833487
99211753
660170282
1426834578
-402121016
-1595955089
768930992
-1280664208
-203501641
-1789017468
-1857468854
1955632580
1445530861
1354546631
482634273
-1172515134
1230377043
837679719
1478995600
1205540769
1219111419
403527584
101717347
785633222
-325029519
1320889476
-397060288
1537926946
1420146775
-2129229570
1924213349
927893719
167219760
-1020525805
-1912094573
-1561461727
-1194621573
875402347
-1998213047
-1861572749
-1030768124
-301183984
173456693
-973889056
-145246091
-1588275084
1182544871
-199330116
-90370253
1522281912
-1216295737
1792409475
1369763943
47828011
1425230409
31619064
-2057757350
1952541456
1047545438
1364996241
1601417989
-771355741
1343677229
-1140030702
818064360
-1622362018
1456165634
1658252663
1698769690
389379192
50686854
-354519274
-267262815
621092781
706263088
-1531329531
1581725443
383996484
-221855749
1263172280
-1994733028
-1146391218
-1178373543
1391648751
-402667726
-1115645141
-1998655641
-668021554
-1239941562
363322450
386342753
1162044237
1581616300
-735757232
1401343319
67839186
-1567106851
-757900528
1393506592
689590043
-2140407924
2020505181
477385871
1121035105
126209526
1620017061
-858578971
129235898
-387414658
-1977857536
173857157
-709537090
-276159368
-763489169
-377948946
109060461
2053595204
-1052773272
-1667560220
1696085840
1513749663
-2117409646
1397310704
1309700317
-1503310795
-401769524
329436683
-1761939425
-1982749063
1295618163
-1837268331
-1978549354
447276729
1134709732
-1003696756
2056251227
-999077780
-1469484481
846418169
-2095993721
-197839666
-1890393490
-431751251
1406407381
-1222388306
1157730917
-1391550931
-384626554
261063046
240225194
-1398874390
206521476
1979733196
79080472
89427381
-2077053238
1869778055
532688607
-739344783
1348340482
1248163364
257769934
1367945993
-1495355025
-62322551
1904159444
1695378596
715596301
486767210
1551483331
1952062487
-345858570
269052380
1716208215
406349211
-1046580474
1326999847
-1140802953
-337663041
-53879358
1531774175
-2080597830
-1564813921
-1254644363
1128961845
1849237292
-327203754
1767560859
-1313047414
-956776879
1001991088
2099920771
-1411547835
-1494049687
-185056732
1126994735
892043493
-2010526475
-805110783
308893310
-247800231
-327025543
-1473919514
-1583809652
670948750
990680196
-1340673418
548458329
-1458946486
523607021
4149068
-326263384
1756354616
-1448618146
-20802259
-146133207
592488515
439610902
-559798404
956106201
966516518
2088670954
-905455886
1919613865
-2007841468
1257640332
-1838310515
-470636707
-2124970060
-858820593
-2093844023
550415287
-550288736
1355838634
796657421
134960340
557964495
934479803
2118599016
-76666923
-1702393729
-1304720881
1988275836
1599359168
1495072119
1760266080
1010234810
527882920
-178470819
-103903970
-1637717553
-1580024308
1875708740
1551313266
-2038483619
484659581
-2140722295
421418623
-2047664402
2000033922
43411679
-1506290198
-836560859
-1772655425
-1135228505
-1007533924
-1261171658
-1602839213
1836402820
-415117626
-752508521
555884674
-2088480978
-1837032411
420143863
342014868
-1201108345
950234246
1425015663
-1903770372
1384475627
497562764
-1636060682
1750918331
1456073675
-1145574735
1867362330
162526982
876568956
-196189046
-1803313171
80475430
-821197748
-1336458162
1390951740
-1074919265
865397206
1030044312
1430287879
1392520340
310547863
1769283691
997004844
455278953
-1177260608
372911479
-917570972
1217312425
-437278387
956354202
-523829645
-260165846
778537814
1091166376
839522971
1919271791
1025769380
-199732369
605381713
1743341133
-2122519418
-2079885067
462743091
-400871472
-724021787
14714115
1682670392
-892792226
145124758
759824614
2000247080
1580711453
-1485255441
-141281420
-1180608945
-621562222
967152540
-1940791987
-1511655827
-461316470
313694131
-1063487134
1379949296
-855736771
1558205188
-703049285
-1445711260
-1149040721
-1528931914
-1044127628
1305879338
-2092614311
1178084879
-723839736
-845042329
316579593
-1834857070
483845585
-1057572801
827146501
-2143456434
-116001329
-832160189
1880715638
-966423692
977490600
-59192025
560320516
452543531
-581136657
-40842056
-201933891
1416538016
-628573016
-801783540
-257410246
2093435744
319163403
-560661510
-1298676988
-540565271
-1316220280
1138192844
934903347
687487869
433913355
2075370803
-655950504
625024825
522205313
731766395
1089433500
1833200998
-1186644071
208151039
1745865257
1932460559
-262818610
306616798
515604936
1277089491
-1920341595
-1891342610
-435897654
1303920380
895708211
746589424
796726060
-945270577
-2142939166
-1471812091
-2141820171
-522973147
540700275
1838319968
-568504605
-440979910
253050182
1810723133
-992155322
709784260
-1877552423
1613310994
957783338
1662460487
-1207121778
-1096583933
1106620347
-143788633
1721738416
426020762
-875977755
288192254
-1617504073
-1758223690
374877242
-350955601
57139147
2007060164
4314905
1182634939
-2017836666
-1033309395
-1228744437
-1032358317
1256357118
-509847793
835426672
-1614294099
2096242690
-1122719442
-167582374
-138277861
1847299746
-438367444
-2097288008
-1933792168
822886132
-653648904
-1441239626
-1287143643
1086876949
1839019396
2082058852
-931257324
-658535570
685330874
528041109
-1256915038
1266742072
-1318139216
1893760009
-345401205
-2064869055
-1655543271
-374060338
-2113980838
-265041169
-1047561218
-1354437662
-1193028289
1555707781
1461442734
-2030610403
-1467235548
-416822875
1049500147
-2104056499
-1457423871
-771746539
1843752838
-1170623582
1665682287
320625861
-761936188
688639308
1948627323
-441354992
1442986400
1980570722
929978557
727385666
381352155
-204858619
275855272
-700845222
-1670175373
-1336450619
1877755682
46917904
-755610280
-338593725
-1390694314
503208216
-391348379
2104921110
2116912073
1130325416
-222877043
-2140524046
-1403957845
2087944504
312491093
1603376391
1530665839
1298056840
456667777
-168249178
-2006006115
-528659225
-1562962926
-854085590
-48916250
-1971979087
-1946188433
-2040991467
-617243272
1862772760
1101163489
-1884281992
-716360812
-326603737
-717958076
1713575064
1943189085
-1928618492
1907429627
-1021530162
391466481
-2136815499
-88653020
746332591
-2051981891
-932020827
1905312524
-372209301
906642444
-157548250
-836953115
1834212474
2136202977
-1215754695
1189514934
-1019355020
-1588033017
-1103675827
-1526247278
-1338876096
95308390
1794429893
-983042036
1310456177
1310202519
-489100034
343068137
1341602540
-440857415
-631413872
-622922473
-1490561587
-76073595
522247122
82943454
975972235
-1959152481
-935606109
-2000504748
1126263897
2056154671
-1174706329
1190517270
-154319665
-1325839952
-176031664
-1154528460
1493660105
1979189767
-1627670818
-912757139
-609686897
-1948052777
571233960
-1673135973
802402613
1485090579
-871298980
-1182422160
-793179835
-1480217388
1125075715
440436578
1765405850
-77110676
-1628893815
419014884
-1793582450
162558138
-1930238852
364987606
1361804631
-1250765121
-997107692
-722044867
108241326
-249091471
1783533171
355065654
-1340011343
1044515535
-1909860820
-149018841
-2028061687
-1096409291
1039586569
1761808440
-1670546353
-1721354256
901406472
1457164801
1092829611
456156181
-632342105
1690244996
1293608638
-420212594
779964257
398263901
-1359088191
2044888181
-330164361
-1369373384
-15441938
-2012590428
-198101517
1447015810
-2066331874
1908635788
889231337
-1361914782
-1818346061
2133561926
-314339328
-1621952790
-815456073
994962407
1345107760
-604744311
-1386287035
1434816535
-605645364
845175492
-538818009
-764685340
-204515133
-324212443
-1216714048
394235859
174331682
-1733456781
1721620524
-622963144
123497436
109709858
1887574949
740965063
-683710515
-800520947
-265867992
1783365482
-1362681860
-1682659230
1228633431
-462767532
-2047321056
602574300
-752645728
1215252821
1764239717
-12102856
629081759
-1610930577
1098995055
-864972063
2134256833
186610090
-1355278946
-1387318291
-743300311
1335510052
230317716
-1544862388
127665366
-1322409877
303017971
-486418370
-576906235
-318467057
-41723797
-2058711547
-1235423277
72375921
-1226803725
1794231516
731908134
982560993
1664562773
1866190887
1865714638
395795432
815209456
1884030955
1367874790
-1115095583
-643675463
599686015
-1416325248
-1390311730
614080898
-1016585341
1116182144
1872536936
-205151361
-915509487
-480058680
722432375
-602507771
959801394
-1743638379
352446308
435779219
111618963
1213517608
216795404
-544461546
-1236359304
-1918882136
2116270038
-1690263960
703256049
-737517498
1812306951
-24296679
96396874
1369044130
1022668116
1105143410
909576647
-884286356
1316040888
-1310690890
-759113840
1374564174
2134982535
-897194069
355564522
50658569
-374199357
-1703275432
-66902360
-1189835554
-795126354
1973761295
-1000968992
1710534446
-348109152
-67298131
-29650464
1719600484
2142840090
-1967613920
227732322
1947231250
644208154
1974867753
1662178559
1270592346
1147232176
228433250
1056237281
-1222643313
-1137680175
-381534334
-122461251
1036598299
-1942048150
373797088
1616581119
1914634914
-278035016
1918149941
361034822
-127940505
-2043374634
862128805
-1722903278
592254958
1542337175
-1890885632
1390336443
1194364131
-1659936107
12102468
-730820444
-888334278
898247306
512152678
-121950544
123593367
-1817586723
-1570412463
824537077
1274441967
-2002920320
-1598748626
-877342801
-106041490
-572411400
641075430
2137525111
-1564883301
855411132
1149437668
232400308
741990073
586541763
-457543137
-722560175
649803120
1905310808
-1671014825
1243529392
412854700
254275120
-605953122
1175157214
2122588613
1814367677
-2089780455
-243940857
1910271968
-1145414460
-1523432441
-269240789
1970182292
504315181
-1570861821
-404809967
61169616
-39385575
434929029
-850037124
1781284859
1471649338
978770862
-554597476
-227201188
-593086626
-273683900
1097345735
-1609902149
1513531211
1460052730
-1028948888
584852552
1298225618
-1737568011
-522154185
1461209532
-1149024226
1309790091
-1936404054
-1946112834
183165260
2026238285
-1015906646
831015559
-689246144
2114376519
-2005194358
-1074886712
349538998
403251333
-1815440076
385714634
181296535
-1823962663
1968392869
41057751
-393942387
1167521243
-1490443622
2023256792
1776061145
899689777
-200722805
-578508481
93408099
1329956624
-1593053992
-1829929690
1397093906
-446080510
1699288130
1082347192
-1369908130
1291465961
-1970912612
222629071
-1700645086
-74832829
-1366627647
-574601761
521678774
901679023
-800924216
533127953
-2055084483
866728879
1575693174
-1474104910
-1490810566
-354149458
1296569843
1014177486
-370748823
-464248763
1268387009
148949272
689863884
-1509319239
1676862185
285920524
639404035
218588872
652981366
-1550946473
-2008982304
1058199460
701443879
-1706423946
2141923130
-1370813121
1414738527
1158372508
1914173697
-1889153847
-700974496
-350900520
-1268872557
1951719286
550652600
-401992073
-985519027
-805378428
-152482822
1014929318
765181283
-1729959044
-1767370575
-1875445668
-1894073356
808333495
1760425362
-709071242
1400816216
88081955
776491248
457149474
995820988
185574983
-1215093388
1568804481
-226842127
698638212
770034700
222065288
437649024
303074717
1313589539
810382374
-2089420543
-1285281928
-921091821
-868230229
-777748308
2064901413
-575815721
1771388264
1805475632
1201553951
-110147579
-1257599086
-1419973949
-1056448558
1861410042
1744157291
-161038982
-1403188131
-1746469802
-248936797
-349172262
-838962792
-458769750
-1228960262
-511804242
1448816728
1990948720
-50458070
-1954190310
1981475825
309484603
1904860676
-812043280
635341308
429005615
1517458649
-940521663
48671321
689610930
1755976731
-597450953
962272119
858238051
56478530
-627376350
786353874
-281115318
-2018300428
-653597233
550506941
995507537
-858348449
829964320
1498222177
576468979
1096719849
1847013593
1762711813
1273882674
318417419
698712503
-356676209
1729886670
243317626
2089980358
1785479497
-291874381
-1293354617
277304564
-626799384
1661194674
1609221063
-1649002272
-2107395382
-1357960332
-1896625162
-1014758665
117482879
-184611157
-1118017000
-1919419454
1684304523
326438537
-1756721440
-931988616
-1759816343
90413685
770111574
-1567478822
-105580847
341951996
-1751216973
572232512
-224420803
291445765
1885601679
811580654
1560824745
1290072392
-662428355
1969033899
-290265189
1760946689
-52324235
-618218604
-630618270
-495737120
-107833804
1289360429
-1294823519
301845827
1109799903
1810568120
-2140057841
-1816338778
1199854510
1782657737
2139956087
1706988377
346946375
-1390172390
-1141413114
1957735540
937029801
495782043
-244791867
-903712504
-826031797
862696397
-1414370461
-1656468841
-1581148284
-1948943024
-1836541640
1520448709
865567277
-1148548422
1433885830
2008872014
-1035660668
-1467194199
-1914487551
-263632582
-1049332653
-196372965
-1425306736
1787531343
402678865
1698655484
521951573
-1146779705
-1049057081
534818816
1488607979
1359162179
-1461522314
1161387443
-363643922
-1907959041
225459127
-171390771
-1407113537
-1787542970
1388131300
329033162
-1082620792
87994663
917902582
-1821057606
2112043389
-965288600
1570573679
-204391851
1828512101
14630586
1933326458
388317010
-315109288
812481070
-1522887089
1700775160
770366410
963809511
2015209180
-1246156812
-393990201
1535821329
1425509025
496247405
-272780160
1272016913
861654491
-1184193963
-227293179
1306798333
1613971940
-897502974
612847699
1275335246
682199257
-592396292
1329621393
408625108
-1762314371
-331354344
372716694
-950624791
258322780
-507371579
-904099409
-2073598231
1966089011
-226235995
-1206611042
579566561
841432974
477217887
-1896769820
-1341393786
-1860197965
-1243678029
-1010996926
1813346919
-92472642
-513787186
686054781
75547494
-612209395
894326751
-2026068126
226738020
96647645
1924862185
-1840153591
995847483
-1162664651
971698394
705262173
1116310257
439235586
268737501
1731454939
356554025
1742841987
601300460
1459711385
-548681252
1433755879
1134431912
-1222147703
-60284343
-605094861
-1396466068
699406334
-1159825366
-122656407
1712185503
-1468417681
209603111
128828646
-576329911
-176867205
102486927
1197025291
-1807973400
435831853
-525636795
159993631
-830881404
-44279168
-230728200
160053620
52521985
-1250042075
399292310
-1865078841
136853683
2075613827
1307488257
1675599084
-1332059081
1900356862
-1238913277
-1522056022
-1980900992
1758331515
714742655
-509942557
-295225808
1387885092
1797417450
-1755398920
-2066071512
1211414120
794762744
-1074989205
696492130
1630656837
1221243801
-189197883
-649922819
-459525943
-103374042
-1014538567
-1655071591
464660437
-1439304489
-107477367
1128506597
1244417828
-797370503
601303464
1468397173
1893071499
-586944932
521800096
-324695080
2143022722
-176010607
1636523061
237580777
744088034
-1584512171
333917386
-876062875
2004342767
478093767
810086404
-805387842
167024281
-1131490335
-1554731603
-798606546
1875557630
-537978203
-173120294
-2102096370
561135155
-1538857066
-851374514
1615683943
-2053618620
-1750885015
-1039605472
2034027209
742637432
-898553860
-1758806628
258517339
-1994578471
-1681449081
291299943
689184307
955524850
596142864
-314355739
-810437145
1057380314
-743041500
363101662
716576612
-1120527503
1395477955
1082214239
249973757
395397865
1796454555
-983224098
1052374214
-1686412664
1421123193
1827826849
1494941987
231159467
-1429957892
1811890527
106019483
-1656195827
-1909942389
-640633049
545602033
-786074039
1052305544
56143488
2066061685
397812637
-79238715
-1290025519
1008105623
-1807420176
-1531910601
818262275
-138042180
-338474219
-2059036952
-1833375900
-2017264812
-615339439
459580722
1498467278
-819209940
-656893670
-1419207639
-312757497
-762467584
1835738913
750386521
-473666453
117994324
576741522
1471311024
498675912
-273458813
472592794
-655218755
1763187592
-976054761
-518750679
439958555
-154693099
1368346715
1829204473
2079928615
1176714616
1792491823
-259765042
216733944
1544321603
236138267
1346187006
-1052689264
-1145609551
331388837
1360308787
1355470670
2101073675
-1913906714
-110224785
1574147495
-1937495988
-2008058278
20712272
1827654421
-123123448
1890531320
-1640419948
-746482866
-765024119
574708354
-981688096
-690859335
1447959610
1638367773
1466078652
861882909
-1761182904
1285330980
315526114
-1834012261
57004165
-1306599112
-1587760968
-1326313762
-1780332912
-1562582885
1399595545
705411728
887304755
-1891853122
21240155
-625161969
1882054411
-1917183720
171065997
765774432
-583007634
-1831659208
597738496
2014582115
-2061240184
2021884189
-318326264
391287368
812199879
1068951237
1652435715
1600403521
-1817352583
1598630147
-352929894
-1481952647
113876658
-1283907691
11307846
324198467
1149234290
-2092058507
922702102
-898751338
-826965497
2023691887
-1875038034
-1738098503
-1105813840
-2005236493
-592308334
-1543342534
-1581759613
-307145428
-359935324
-1071723484
1847972496
466614352
405257195
-1450060944
-2121860027
649849657
-664338283
430159547
1181523731
-2012461259
-1494039745
-1937088199
-1231454895
-2011558887
153722482
-746805015
-989467295
1258452892
-1945875599
1368483850
-928258032
-1700332063
1071083825
485636557
1117460802
-748964011
1286922152
573623883
-1884629298
-1028761669
-1383154870
17369528
723132838
196936324
-2124194608
1204380377
1774982459
-1808428957
1222699322
1212036275
-137271009
1032526369
-1336154601
1167325060
-1177163541
2021186733
-1847308796
-1452305162
-65862046
583453302
-839325327
918244242
1859578326
968187389
-1693388886
1973015922
1472308426
-1279557211
1764766741
1826145850
2094033624
-744841011
1597662136
-178891704
-1385630507
1517958688
2147358462
-899808982
-602574286
-1744999637
1698216890
-498936496
-1950110555
-1151689425
861969260
2075468546
-614448633
1353046840
1913815490
-1044577133
-724494209
788312430
383043424
-2128475689
1323331808
-2007837270
-1833319197
1771817169
-824427697
1602521419
-1551371741
-223459919
1824756265
-1907571638
380515768
-1563400708
-166297821
940211596
1806641343
111797004
-168137039
421635191
756437726
-1323733061
396883372
2054791111
112632452
-1433729701
-1606628050
-1503369822
-1239308939
-2110682136
-1185470272
-581533463
1396393349
-315207296
-1802646857
-695625776
-2100949597
1780745491
1395292890
-2010626128
-1744815335
-1862653866
1002619720
221997595
-1389748463
-1649332996
1789204376
578688817
1095930970
-624512728
-2133931454
-1883309775
-330396308
250384156
830567484
1858782546
1955397289
460108854
651473640
876932563
-976705307
-344001763
-469016532
-1752112815
2007861288
2129478967
-817780510
1983867736
1218439858
-1086967970
-981752461
-359069125
-147884994
1696873938
-764258114
1830243879
-1935634037
684510064
1123498301
-1154706058
-2003099625
-430471132
463775850
-1277511104
-1984606675
571699867
2014575711
-1987148488
1685976866
762657085
-818413636
-910231116
-82182182
400963162
168102860
1529663245
918321041
17464226
-1602346774
-728782040
-361135913
1905762522
282108193
1682174549
275793628
725436877
1654558994
-144359337
793281261
-1296328832
-1875803366
-1058087229
-87796162
1884485800
-1907453773
-1589850995
-1494254615
360451424
-737802726
14494431
1719736118
1787662870
744465458
1347101484
714449437
1457620422
-563176280
-1238787451
-1204109304
-244711573
-748245929
1210402347
1335818460
1907975857
-134350868
218821988
2102632506
-1450638354
754814669
-1575476078
-802198271
805575507
1553774646
-1353110144
1782875415
-104003746
-983470427
-263608065
289735017
-837482862
-234705544
-601827919
517811759
-378097558
-1099991853
1702696996
-1673852044
1708017034
-286808121
-1463883742
-781266475
1514819384
1564616880
345292614
-1983348856
2074231305
1548605406
-700523310
1846718880
-1459087393
1341216886
1680536256
-859091570
-767224558
1686618010
-2097868778
1803468522
-37671700
-147418681
1138515070
57855347
-1657292453
1977332351
1167030549
-1826992300
2094234081
-168285657
169712259
-174376023
1167527374
1491527217
-334057397
1044701504
412507569
-956508291
582364515
795624867
936945676
2099385084
781796870
385937494
-83745466
524933270
-549800247
931964508
-1671465243
-399924147
578513132
1047845376
1574721020
1911401890
-870283278
-1199779119
1880241377
1722513719
547675252
-671886867
791857187
3760309
-431718351
-1796557182
761113274
-669240081
503791464
1535174290
254775680
2141871687
-302040215
1192263669
424460768
-1332338864
725000809
-1090644572
193970124
-2063147595
-568291178
460356915
1403021044
377722200
-317821333
2038001823
-62463180
-1838229058
1047289924
-813692855
-65979315
1408698793
1704762164
-1605742270
-1944491817
-597452538
-1569541354
-585923639
438639734
-1378708215
1372403170
-504324591
-952646325
-1744320874
652027969
1134389062
2017619118
354490082
-1248839838
-286777646
-2128318695
-350610854
680244238
-258843685
1307262822
-1857886781
-311186695
-186523376
40806717
1684836770
-1038438821
8677541
1749698247
-1278210083
-1041488705
756395163
906763687
970602401
-710135525
-221827260
2071697193
-514708602
-2050652129
580749318
-44349508
1727888881
-1978743087
-1850787745
1782266269
-1137199174
1047928409
1108167976
1763225301
774448398
731605273
-1044492259
-1662808475
-1985803115
843971840
2008567196
1422979262
1801827542
1382338336
-1571884372
-203063434
-101262374
-37962627
509019969
1234803769
-1619688177
143789095
1787873469
2099544829
1497514351
2116517514
1140779194
-1675961479
-1759423007
1828617731
904410118
-689934889
-840014881
1980318903
1469982190
1899228839
424638552
-143062112
-2096960577
370611735
-162552618
-883452184
-1519543159
-1278970271
346523363
356299641
-2127320794
428328324
-402890327
-1503299116
-1526019974
224693814
1539616216
1299999266
1743184891
1841462296
1309361100
-2067876472
2869363
-1558857941
490243054
2132560063
-62742780
1240269442
630923609
-2001376285
1696559724
-1372155335
-354389311
301075338
423838858
-1205351259
1648782736
-342098152
-1400145887
155413196
1380953937
656859216
-2031643942
-1346589673
-1771816623
2112178222
-1776641137
1865257285
-1102069117
-309033739
-1388472122
-1031712093
-1791442012
-1918558845
1678570363
2069071225
-1749442146
1077392875
-1201487326
35103943
-411592143
1630218565
-371441685
1868820785
1646876368
-1642992449
-1832324025
-319431625
-726054456
-1330507784
912674474
1672835752
-548521561
1544842893
-1286423918
-2040497576
-1228497189
794617587
-565219384
-841140464
433698713
-1427199354
488145638
935332549
1172010495
1090321122
261028376
948856077
-1756451716
-1411782543
384363046
-1124289074
-1891427217
1868162629
56090545
-1626581192
-701281522
1488733992
282466492
684303092
1374699657
251000816
399463022
498706077
-1402497682
1966934806
-429773035
17443695
-1896713650
-930551415
-683444114
-1869740739
262301089
396639424
740082211
-1900356440
904606694
1772807694
1993617556
1199368333
1347880462
-1717594311
2143512538
-1073198401
-136013286
1953095756
-490739960
806814709
-712680958
-364460372
-499690573
1719513862
1965784281
1656961384
1120303540
-1292856493
-164194771
1274607317
-86375637
779447939
755972019
2017179482
-44815161
177632629
-1549235933
-2115128952
-1004340667
1748317298
-794232223
1225771885
-1536774346
152835746
896103389
1385368873
-1988063228
-1637864255
-603150021
-743036735
-480366794
411839250
-823758283
219360051
1322633970
11063955
-1551544896
648981193
2032959171
-1043973775
-2077330579
1905985202
-1306047076
-588470594
1421809426
299338702
-2037102563
747828576
-1712602455
-180579640
407458580
-1138511284
-973018505
1338174313
-60140986
-621188620
-86630544
-611964629
2107685742
1003346174
1339524057
-389634803
-1039477371
1495200821
1126131247
153700517
-1807144893
1741159364
1473521223
1321236091
1081401317
-1170469471
-1868773194
-1001741421
-248370895
733145926
-1522475918
-708282805
1522387382
-2106595674
-1666279751
-799703449
-368740264
1851140702
317475121
-1152656790
-2133935605
209506603
-2094492080
1953259047
1843939038
-1935114084
-1284569091
-498463082
1973304123
-1850246392
-4395913
80807659
-1821795987
896031937
126655861
-928113948
-1772626079
-1179453303
-643066481
2027801186
-835734352
426641220
2022832092
-16885189
-333187876
-25977105
-1413976613
1886004814
-1086940711
-2145278768
-489455722
-1730379561
377572047
1093840623
883542532
-860572925
1521586974
-1832974140
-1632847953
-1576013114
677578146
-1560490191
-489578602
-1439931924
-1360932809
475092913
547581524
-1592497554
-427523201
330651346
1533230464
431164422
-277605662
-1886357024
-74416809
-1788416251
1906659542
289957858
1419220120
1899188324
-1992856736
1594514890
-907011409
-1391781096
1268722905
-1072309785
937562133
1822671529
-364968715
390204062
1169930486
570602245
-762831359
-589368232
-1481114093
-1580111471
1522598507
900629182
-1603307543
1303481216
-1051552121
130087203
850167827
-91517592
-1153144176
1791194690
-14867220
90685458
27109612
-1895399640
870529912
34264721
1022370995
-798112397
-659633277
-1064552043
514280561
802790588
521871882
-743588864
822936875
-1582443695
-692398630
-568228679
-174935648
975233575
1020553847
1650737600
-586356272
725198862
-1014252226
-1667303293
-747329855
605103142
693280973
-1587214481
-660019584
5301137
37571234
-61330231
232262757
-516024727
1065187074
-804936003
-605519461
-97746956
135358235
-773013321
1185700320
1077130774
1994530156
-875535887
186908808
733242375
1348369508
-1015385780
-120573498
685933637
576138057
-718200220
-1085029330
-1100692022
1320772955
-930381858
-1633024395
-714567551
1795495737
-1538013437
-2126596741
-1601348362
-180556158
167471250
-1065300341
100750157
1507147710
84787921
1851376097
139748725
2131814015
-1404311323
2089208172
-1071228771
-1081506877
1911360355
-2039846956
304574950
1368571548
606361126
-1496820803
1613412953
1375628050
1338398562
1899909965
746851866
-255739064
838157305
1936772076
-1545901346
-480649508
2086448397
604637770
-1774046822
902870164
-2030404907
-1172863323
-605139076
-1373081034
-604225356
1849731403
-271941090
822044342
1662336647
1158075230
-1588974855
1336621718
1931649854
-571035689
-1025350121
1646088841
809034925
1269764300
1114724364
802699354
1653489828
-1675502347
-268966106
1029189132
1029946172
733466988
-1667673117
-993046719
-850448781
-649585740
588735651
1144513759
1079918331
-1335816197
993597598
1439026928
1236486734
594509731
-839576041
1424632009
851091973
-1138330626
1746421713
-1616213138
-14178198
-2040442535
-1481351742
876581428
1942921803
-187259333
1294542086
67405224
-60206575
-1483592978
1582754582
-1057206097
-694046704
647017790
1756848185
-1194449938
-1566616545
658580608
-117592775
-1319212181
1745445995
1851361750
1538633818
-967902604
993533320
1889538224
1701156231
905679295
1181632456
-516199531
-1993065010
2117477330
-274453040
-887699166
-834000370
1599634341
-638392217
1361155411
357162223
2104961413
1665667985
-286029055
-1550325743
-1378100678
418857180
81910187
-1862657913
950762603
557824761
-1743101064
-1332185466
-973154239
1244819085
-1255778436
132254809
-1996849845
-389215159
-1853510598
931309720
-589485407
-488851400
-467059095
867569560
-1379265205
-1534338473
2091489274
-854044635
327594211
-1264327574
-1300978854
1356476270
-1111892360
-2117787379
671928052
-1707352000
-1581996619
-1671176184
-1491573511
1855945079
-1884627902
779850728
-1599595677
-1129848912
1657036649
1205712074
2114461750
485496387
-1160395780
-1106543495
1239361032
-1154339984
303669366
1978060731
-208456508
141833175
1798428000
360179943
807682730
1699023149
1179285494
1238013883
-1339500135
1836695596
1840136970
163523180
2056866960
7866827
79082023
-405253123
-338017934
1227420591
100674296
-1949260844
1480561417
1517468640
-1720919830
-1772658039
491573068
-674255936
-704176368
1459480577
92853732
813903416
964609095
190561979
202267372
1045271859
1560952218
-1744754583
-1889840648
1636975183
-668484889
1697961922
-360872616
871048914
1531959746
-336399466
-925180514
-1973432614
-2124012903
-2005879006
-1346888356
556100568
-1261325289
-406240347
-2121722575
-13594050
2129313997
1135441714
-968780793
1865981559
1141883663
305781960
1770952597
-1856506601
-2038461668
-1498216033
1213432107
-1284271533
1816365953
-619054140
977228462
843553971
860358590
1871662568
1862940640
-123867387
544606505
-1533717389
-1456742428
1359924629
360529426
1303279583
-1914737919
-1476707686
-2093340889
1674993732
1683091621
-1032610318
-1232652518
2737710
-266018387
2058662930
957204608
-1208353610
-700593437
521140279
160828924
29788368
846281671
1806958049
94593180
-1754768928
-1188113006
-971215487
-484667262
-1973454957
1043383927
-650602384
1385569222
-588433172
-1869531861
517134371
1003384731
716331165
-506699608
-458085219
-867526736
254376600
-128026580
1167248932
906231768
751564516
471363463
-1498831305
1476275180
-1237844556
1513575318
221373374
379947503
814508212
-1778523382
-71098749
1145487987
1956629926
4747118
539082208
-1526715588
821929517
1905216103
-2027776326
-1148895198
-504520471
-1370733764
408286381
-1356446149
1014394819
-1979975528
96305800
772570425
-695294071
-516160881
-1743534597
-1027767537
-1362918212
2081634526
895689359
-1610691110
1908844968
-1769891466
-921331755
-2074320897
-1445910091
1397330747
1636151010
-2061231472
-1545898499
62699784
715934458
1910067699
-561053922
-2089672458
521032074
456820933
1875877968
-127077410
1120427355
1177384187
1963468729
-341970661
-540675835
25408330
1766232063
-1156388204
-1726686047
-1479750456
132759327
-86803207
-853751103
579891923
745266813
328894539
1586374820
1150686513
888250427
-1282397022
-916791898
-477284744
-1359477299
-585085142
1195279861
12329648
956267469
927329134
-1920785271
-225383370
1387028235
-379341608
1728741461
1749734115
1807892200
-1220096904
-1720475462
-72320660
-1830784797
947425028
1438063932
623480075
876333428
617660191
319566967
47760223
-356840
-2021027874
2039733843
-709012848
1016394925
-1104456825
-1067037322
514934710
-51526657
29217435
460493818
1116495739
1090251170
-1559654634
6774623
-687258370
1545017601
1855158260
-774438973
-1685759238
-762918985
-291385097
70790736
2006020903
-1978393827
-1857989977
-460830987
399251423
-866870493
1915602586
-1821709993
1038371845
1852620387
-1930320907
-2064763638
221111586
107389811
247754802
1406801147
1746854864
-1960146054
166193187
451169841
1453289051
116124165
-641714891
-443923020
-812887644
766975515
-2015120647
1894560204
-1419367352
267987086
-1423767328
572041838
-383408126
-1264847981
-1034773434
1038929139
1523541325
-320405611
1907007153
1988126475
-1142391475
117279045
1260600409
1709038832
-1164526097
1339063541
-1400459541
-1656701218
-1689910194
1542179622
-1991559031
1310409153
2019449176
1693184607
-1226618091
-164753616
976008369
1491194431
408051631
-851926886
-388331049
2125994965
632898171
1484233150
-110197882
1611592495
510973607
-1853237664
1637028189
1664587312
1419155116
-2102649031
713403328
-1606214490
-1892789037
1422309934
-1537478144
-810244708
1649475578
1002916293
1576666809
429426155
2017489047
-696995884
1709690491
1036471319
1255440893
-812521606
-1159138132
1395961175
1736834014
1644169811
51763884
-778588171
2139099152
-807471898
-881732294
-272980264
-1339723629
-1733345694
-1965204459
-1634282913
1539457491
-345016438
537464806
-1488405905
-705401559
1390011628
1559804509
489133519
401086375
981936216
-1443648359
1864061618
-1373748972
-1358066288
-1078845492
-1057876843
1750060853
-1736708548
-1284670434
-1070646453
-731936434
-787848928
-109860398
484132693
-881735704
-2134234992
-365178713
-8573065
-328672045
1707185186
-1392694912
-421856377
-1519290514
1836566949
128894534
61388935
-952465115
-1128289966
1902212109
2066356726
-1406636486
-472891071
1062411125
-1791206302
-326410552
715949086
-517127342
864238914
-757240827
868431644
-1009346161
-1882383358
948735431
1942702888
-1504074161
74422366
-652639159
1836062050
1608584532
-73448974
916230702
816061128
1525416356
1473916178
-598912315
933782324
1457770345
279347415
-1581567859
2051114888
1885708312
157504121
-801619972
24309543
-2145264426
-1795464732
-70221188
-1364463450
-1302015210
-1104245884
-1908157003
2144979395
-730693754
1914700644
2098795281
-913530219
1662624555
-1893421706
1078272892
-2004021243
1971357386
-1381095628
-1253504149
-1608332932
1651511434
568612455
1196831520
556041693
-1954017322
726176069
406351659
1257518005
1259463560
-639978559
1673104691
168427697
886365763
-1091979745
1479174390
719578192
-224260833
-1069639482
-822489715
592880088
679691404
535411033
-536762636
1117287821
1154717551
518513927
766986186
-919805664
-1673159535
1045806114
-135018668
274484070
54404665
-1891812626
-1160397881
-1403426999
1932546070
1433566139
529388742
-1344170493
-1911421085
1806829110
-772007383
-1153124216
-1177652923
-679198725
-266611969
-829152189
2081280886
663671405
194533590
1719643909
-100605144
-130672182
1791318841
-396163526
1918344739
234746233
1893291897
-344668835
-9825744
742027686
-302954320
1445724077
1595651770
1318482448
-363801598
1460154656
996687025
1845421601
767718694
-231552360
-200083279
182412862
-265326812
-1590637228
367020899
2022537824
1941931359
2051942824
5418019
1300593123
-1353924394
-1714170640
509295075
1928664221
435668390
1656015554
319288910
1899813170
1248689363
1584229730
1060638511
-1210889049
-1372121529
2140404090
-1560225260
-2104924364
-1686526183
-1219493622
-889952722
2111408733
1780148243
-958783075
-786118533
-1796783037
-594225042
176449980
2043512358
661091383
-1256568609
1860116903
-1103183571
-653417329
-313879850
-1986729150
876350276
-392909379
903020548
-640389811
1455096569
2135291548
2084611614
-556991016
-720625896
1145300493
-1876051231
287768565
1765428304
370235842
975283285
-440932178
-468434666
-1709623719
1311459668
255663929
-685986872
580281516
1588684365
-370660246
-1462984938
-1603415961
-1720915387
-1187386008
-1335500643
630275034
893231134
2119286179
-632750636
781909263
1539942428
900779013
379407147
482342943
433882532
1052839783
-1604898448
758540993
360891718
1081249350
-729059979
-704291549
1294696188
-1271337546
-1882970640
-619066372
938031283
920550294
-1292436575
381411298
1216343307
608249860
-905349190
-682637864
461781595
-614391277
-1262257030
-1359807189
-927203849
1248857019
1860541466
-1992282499
-1189552204
973797648
-1894549011
227598369
-1707503188
-625430857
480287170
-1850369110
620415038
-1419193451
-464502388
-812492610
1283272280
843581896
1375686980
-392806097
1824381431
-1375198502
54080782
300098123
1487078639
-872750285
589780378
745152371
-552268313
844171472
761047757
42498538
-239598169
-457799374
-655010657
1913160174
-161854314
-6276456
-1298375098
1259865356
-1435433859
992894063
-1064824940
-1811493456
373512849
214610697
-2120257379
1941243899
1475472815
-35640691
-1493048420
-1698521127
228054249
24458542
659814678
1259203665
496437824
-917415777
1002627647
1461795871
-721797709
-1729519930
-1713232483
-1256974465
1509053560
265739695
-643991061
-1285665973
1410734217
1247021763
-1783436481
-9957048
1097784417
1668418873
96972398
-1903957572
247797511
1838269387
-982759761
-4982205
1330396235
-510905939
1233838462
811992546
2080200015
251397818
1745161410
-848407972
1508121928
1872426736
-369874127
-2059727164
1889183366
-942107362
-1437447437
-574681261
57396145
-1896373029
1728529029
1496052347
2018832724
1012537274
1940928480
-1518271685
1956895647
1299392955
-1707739687
-1116377932
796236904
1398427907
-139938870
-1432775939
-886579853
1064367311
-1038208142
-1712020174
-1340208398
-684187738
-122070759
455130323
1766859342
2140315854
-942628360
792272458
-298768089
-226275072
1251679446
-1777111347
1641517209
1732144734
-1876834058
-160042138
1831995585
-429898844
-861044944
-829805233
-1917351809
311070366
969394525
-571709565
329878908
1808619993
-949531656
397281681
1995167854
-917029475
-1085889023
1504297906
-1758822
1815362586
1374612260
-1260001250
655409562
379694304
-1846731750
565347738
706783840
552659860
658260303
-17426603
353176698
-1369850400
1768164293
-1074471436
1349325975
884516011
476454967
202126827
-516281015
1095011466
-1315803007
1100775182
551981324
889885045
1006454591
-1913558681
1270642822
95799741
-1227363917
2023865161
-687118064
2098482237
1687614443
115139749
-721590412
187295183
-287321310
1001255835
-1991896328
-961269247
719913574
1252048468
-998642533
1711999753
-2104562309
-72395250
872173214
-1182563083
-1441161729
2133530488
-430516155
-534058970
-1949460786
-675943361
666194398
588406526
-551255641
1955959272
745360642
565922520
1345360655
284424672
-534182630
-21007304
645384309
977082065
-2084486108
902793795
532833430
1643883318
1917472695
383100273
1965706786
1268510001
-1684790716
-458178176
1701786783
1167332251
-1348569954
-740728149
-244473970
-1931468707
260398011
-1651582436
-455783477
-1430291459
-713851204
-1037050466
-1608680647
-1804061061
1651714346
-1873254762
394009245
-322109090
516406658
1904872499
-141631030
1813001993
2081246195
667110628
431215102
663716690
-671854235
-1799521526
1241560716
146342228
-414457155
1255162094
-1650488390
689169028
-1553151905
-1275793419
609218540
926151426
-465809933
-1403842798
-382991615
1399885617
1998965356
1449319547
-271493124
-1633886583
2077631558
-162941281
-101393177
-1165465685
2054477326
1138729046
1618140403
-924036683
684341031
-838052774
-2007334684
-1428494633
1417350346
1646107637
2055631275
-703845338
1417520974
-2053120772
-917864108
-1883528529
-1418915927
-1134750981
1171815970
-1686600241
-610072266
-843733071
2088539127
-527754558
-1924535368
2009718462
-1779179527
2007426424
170105246
-484325222
187046515
1439356591
986912392
-773001015
-1447724296
229492541
38437385
-2116928692
963001037
673633453
1440185006
-908352166
-963552888
1927705358
1331965247
1586552143
854362100
-2066855930
-1004301244
-1072765468
1579900215
360915757
2017700810
135936161
-1986250186
-1279940712
-1331126938
738990991
-1088061640
-934053197
-1033885574
-682418640
321779657
-1516499885
-190002506
-2109083213
-867852064
-315536374
-92508958
94834787
1897016644
-1058152515
-619276327
-2013599647
-1219171286
-1395675276
67794392
400129426
1947596323
-841033103
-1608178696
-1649953062
1197130804
-2014942845
616372216
-1965831543
2072810822
-749383013
1210555968
-54297067
-1005238848
1391698335
2113516578
389688586
1711242610
-1887380866
1745207906
2141440829
986798004
-619845500
-367264776
-271493561
-1482233394
-130666770
1118528788
1317431857
1929661338
125865664
2143143521
369028460
-1590884760
-664111658
782831757
-1215363069
-1823928799
1227639609
1366619145
1055840787
1602070702
828886196
-1885622003
-1964595846
698541978
-1914293850
-1665571874
-886612275
-2086365195
2140481304
-819113645
-1889085040
69717116
-1152452335
2128934804
26608544
805070326
1676377385
-1446975707
125494259
158612960
-371420581
1937745954
375345284
2117064524
2087864863
-753193012
-920612984
176863749
907022008
1397336643
-2063902747
802151415
1734171338
1872403605
523429092
1509997773
51500591
1203086071
-328658652
25171931
94759946
516968273
-2056737583
-828682178
-147968485
717548543
-343768298
1190918978
322509140
1552688853
1404093136
-1178784509
-806613075
393734244
1924906627
1014393686
336960308
-844244101
-1730791535
1145596649
1756909159
-2092668688
-1613322072
-938083672
1727190469
-1504892000
-1214889092
-1764376222
-195096926
356786355
2136315318
1016050092
122369850
-1224009692
-728626901
744708101
1993182217
-1811076736
-21580976
203581242
702801497
-677498643
-960092179
-1327683828
30814236
-1352230803
-238927087
1098164495
1747697915
1424748900
124919365
-685709356
351336622
525017687
1282778372
35075146
-1609848178
-1052693258
295271530
-1537239711
-986567064
-1913925541
-1705692630
1420688879
117582483
91982740
-1131878715
-922845993
-955580
111461470
1261364984
-486421657
816077600
-633989581
1611196533
-1051075070
1339748626
806751623
-1533551146
1987861246
-237099170
-531967155
-64449074
-1559553073
157634550
1808960703
112105889
2077301860
462150156
1748726623
835321557
-1382777647
-1461363480
307685688
-1175707607
-254510803
4652026
-1739387543
-1806011962
-275481667
2042263602
1715115235
-1425152844
-1111249583
-1702854001
160623473
-1067414129
-1813862418
1397564406
-2050170632
1365410425
-1585500244
-247312828
599549696
-1379261358
-1271392799
1440344742
-1768938894
2063812390
-2038846849
187824423
2030687651
-400298521
-515547206
373462410
-1572542832
-507212453
1281197037
1487861081
577275243
-1306195369
-363317826
-1788890307
561461078
988210989
-794102145
-14287984
-1522153107
-1657252766
-789414185
-1265865168
-71307254
-355264348
1188084129
-655111786
1010898499
-923958278
1056246035
-1771654362
-634641993
-1519721923
-1098827229
1316040904
1951739530
-780394298
1212140069
2147329974
75270061
179870568
222716600
1711436951
-263561374
1875002528
-1159090205
1541959885
-1506866177
-1090020085
781579386
-1975256822
-863777551
-261542377
-1015938874
-167818967
1149524995
-1800438787
-1813483676
-1901182661
-1921397024
-216423698
881675373
1672538079
1660128470
488379276
-862680361
1816870358
-1150067492
1441407643
1416621082
-768723243
-809644074
1574723576
1668365846
156691357
1313901334
-865015607
-1413999821
551967049
-694929626
1975658741
-830449463
535118310
-730327356
1696841686
-195465278
1141703240
-1551791571
-1252230099
-752637058
15167771
-801504610
720347990
-248751370
1747262264
1955211799
223803324
-811679709
-2111147719
523846497
607269518
-1459447392
885635662
-726399406
-1131944782
-253287794
-550969262
1605270608
729740025
979610807
1513056537
-9920237
-692641387
2047162613
-1245040373
798346158
-2116394297
1062384084
-904414475
-1218239537
-1805132580
-393761674
-1855379170
-770070715
-2058036391
-2101357641
-1708051559
1352434626
1529814901
-271883888
-1480871975
1070385378
-1439743033
-1685632320
-1826783862
1760015979
358688575
-82181976
-2072646498
-427480362
-1342991526
-618664586
-594022235
-818940402
-1088450159
618729094
1640150369
1709839479
254485522
-530886396
209086617
1703614001
101864881
1468241109
-722776787
1711748765
-946023135
148470199
461269866
1586620447
2018873182
-1702339930
1204318879
1031198757
171769197
-300803199
1749590000
313569128
107354439
1697033453
1893121641
2096435825
-1254543854
353725049
-39021482
-832461217
-1961429102
762558211
-1660399151
-1636950554
1003078878
-93947047
-949037925
1719898779
-1546022314
1370647330
665703727
98152046
1588809428
-1382992897
1026248980
339634550
1659027489
-410518804
-300890510
980770804
228702889
1113443308
1354110184
371721361
1274454130
-216604699
-442951780
-1087360278
-456697014
2009324744
443305107
-660937138
-1679473088
105018356
1016601921
962140357
-43402668
385811164
-751854493
-210694572
302133873
1318918630
-1760375539
-1528655744
860240539
-1217983082
688244478
529849871
1377869412
-1497172501
170216507
768430869
-1812428124
-974274551
-526998566
1662651694
2094962280
1445148183
1910099486
-427028473
1758258986
-379313814
50488772
382774819
-884415422
-931534110
-1634942308
-76400164
782773660
518610324
-1932906150
344212134
-769537621
-1401131095
-1606921043
864019099
-621822307
874853765
-1346042991
1364779059
-1873507632
-1753586901
658585825
-2028165038
-6606716
-1758461985
1062922287
1677223047
-1822439216
-2114637812
-1952527401
1435742610
-1143352870
-833996440
-880770991
-92161497
1270918210
795878741
-1938259769
1247984113
-369755170
1271244170
1143789799
275524825
581492652
-637853966
1133682681
1403924103
-1503644412
-1128137005
-1136422605
-925839832
25778701
1211743795
421811532
594303601
520889201
1671378806
137187662
768338404
-1019479724
-890686901
-1108275536
-1793481902
-1786163327
-1991816759
-2120707933
-1175942496
1976954086
2099679444
1388260012
-100149811
-1585334718
-1833854779
790408306
2093485619
1802301468
-1997029814
-309987623
-1097170420
210250742
-767434615
-340177330
-529020361
-682011454
534308491
-1645412764
318924860
325095061
-1092307240
-278125920
-1859731315
482270618
1297122653
-336156528
1112143118
1949026376
-720659562
1196875554
-852663337
40265943
-942932248
-1930418382
717540920
1948361199
132815182
1630509412
1872325629
-1221432670
1783023672
-1275022029
-617320718
-222141028
1402566063
-889885366
1538243241
-239585383
259923900
-185457390
-1338780550
-1280683754
-1292209654
-1390185589
-1944694837
2093489995
498292170
688701279
1841052304
1131468887
1988664278
1390151732
-325562859
837703357
809411865
656437569
-1194006534
1061009423
-1150309075
1220960548
1370886015
-1170820376
-227239099
1763003121
96471810
1375590430
-1936753332
949515405
1433618884
1824338744
1839206734
-358789571
-2026461709
-312345059
156041495
-1400426631
-1659551004
1238719502
-1038961639
-1511944954
-343569505
-1609478186
-934093934
1394015299
264443296
1624400192
-2121392914
340039618
-1130533924
-306600504
-1901887895
822515994
-767949311
-440786796
-1484293640
43269114
141029378
-1192776284
1570691689
1817067137
1879565778
-613618616
2047329992
-649817395
-1896618129
-1580147502
-857890812
7149010
1996327201
2114725261
1948947667
848191340
340427779
947466989
-1627123758
-1182859338
-305444158
-2002147577
-1182964753
965393820
-1677744476
-2082550717
-2098308342
1221896878
2063179980
143261519
2009172698
-693755849
1154431931
722814038
-52915187
587725198
-978337510
-1350337679
181579699
520396715
853125046
-2139428771
-2057031972
482785788
-1778756149
2118386030
-1397501825
-709781383
2001814404
-898516540
110956957
1758309110
2122596802
780647099
-100344923
246716855
749398300
1749434535
23082266
-1362242743
1710454054
-58028351
-1721575310
761635727
245600246
-584176037
-809118399
1882597402
442225123
1312714075
-495673450
-2003126850
-1381172848
1586024422
-1418645083
-719617183
897196072
1041262939
2007376805
-125260266
-40669718
1036734594
1491590651
1220078185
-56028440
1044816644
1674856856
1936815868
1735297034
1774373918
-1689083234
37889106
-1815978919
-515833199
1936413001
-1485208086
-1221651846
1310077405
-565580532
-1274896241
-832712073
1378271917
783928826
826190318
895218629
-1959659884
-711995289
537046377
656450434
818596602
293220047
-1475728854
-36689155
1544001360
752457206
1051524729
-384918917
1389419146
1507120975
968373330
747363384
38464462
-1005920863
-114392270
1661957035
1667072617
257738727
-105997519
-907383538
1024936194
1585729143
915049813
303710493
2044391441
-1329015193
1467802916
2010099997
-1591315567
510121772
530401146
179887903
-2019784717
1298888323
1795140253
-1046600059
-1526504874
-1628143981
193362830
-1898612539
-345288715
-1381297581
-450804575
-1727511955
1457705184
56345641
2067179855
-1459348378
-1857738257
-1812139309
2106706763
-99693188
-49569294
-642609014
-401052462
-625319907
-1009197523
237287524
-1492097977
-390180768
1425609219
1138734585
-284150530
1730614857
1015608816
1153065801
757064023
-75657141
-1063208516
1923743965
-1907602929
-2003037683
234841581
892922923
524332754
1828658032
1954963580
558356542
-1046535149
-356779055
-1130624820
1226271894
386535968
1093133707
-1534615849
1779592780
-966913680
400438719
927459754
-894511239
2008856639
1618801750
-1064742637
-12681000
-1258410660
609931335
1786207895
-823246422
-1087859647
-1377166315
225499561
-1933792807
-337009052
-961507685
-698027239
1226816096
1627393484
49531915
1242772426
-895270935
-62434074
934738740
-389078360
-1539329097
-286097512
-1364858110
-1694247464
-1849440570
1722720662
-1437692853
-641539280
1806236464
-2128083468
-1949187128
-1418894360
374206417
2063711229
-431957920
1916600210
1125597742
1811455298
57475500
-866241977
1185032850
468197621
-1774003529
1923891746
-1404946823
1358467191
1478737157
-550332430
783664434
-73174738
625690582
1184788266
-560780609
-2102118500
1752143787
50794780
715824383
624465837
-1683033591
1377963878
1136086798
-2085288369
-1396315780
1348219308
-1518575892
1244086344
-927646242
1822886535
34634076
581560899
-1750139687
1767270332
451237902
1512676907
697738921
208146864
1548123647
1456273851
-1512547546
1212386843
366794272
1605796437
1796690689
1017567740
-1820649419
-1998556653
1551116621
-2125443380
-279898112
2034221595
389003585
-1203427594
1742889630
1717372471
746034236
530011525
587124272
208072101
-59419640
1770300703
1237442492
-1247052502
-1316336286
1626624561
713567062
-39692691
557147834
519541867
-887614854
-477912959
196679478
-683357330
-248675140
-871602749
-1603022340
2095858372
-395401566
717912805
591225264
-520044272
482968272
-296271029
-1556088773
299718278
1301883238
1233774229
2112616142
-27976036
-1695358555
-1289827460
-988696026
-72292095
-782085672
-1361351711
-300108015
1126825422
459653489
873649699
-1776266448
-1160744709
23714161
-287281232
-887265795
163494163
1662420749
-1598829346
-1696219633
-1486652117
-1112218482
320975355
-1820227940
348507664
-1383052168
1117491618
473925952
-63488321
-1850541330
250616912
-773765124
-2094362599
-1535057580
579646774
1474311040
-1843600425
-1363570634
950067280
-589725268
1391110843
-812360857
583138741
620914772
902349319
708320365
700376625
-1822506941
-1280478158
-1056819428
-1204273904
-309308286
-109293351
1747371136
-779384004
-2034933286
352522227
-1385297920
703362954
-265221482
50656329
1752273599
-697782192
463520396
-1351261916
-1879197371
1648908858
468580190
500799303
73547614
-1677322147
211515645
1121242399
1976000066
-331939444
2053269102
-933161416
122325237
1701582570
1596629712
-412430861
234394352
-1432612928
161945245
-1968473738
1945181441
322801296
1318994224
452744419
643394671
908530538
460054150
606601163
914559072
-271892611
-422533816
-1513751323
1309473151
-1833091600
-890150648
-2061371142
-116660263
-741186062
162983115
-1898181341
1924223751
452160016
-539700793
-1743884234
-826920814
-1342134075
1658097261
446188413
-297714542
357724759
2145372585
-1779128663
-262756200
815224800
1541666407
-1191207162
643388621
1684002730
1716398937
8084975
-754714789
-1043858752
2118529783
-582385021
-1883056629
665106369
-214165561
1667560088
2008872494
-1264308489
-854871842
-218937617
-1553602879
-248704089
1244525221
-1367062871
-245397301
-1514482006
-1951922208
134817274
335903242
1748592188
-488343828
1349811228
-999160370
-1883465965
-1784490169
1334781061
1583792163
-820213069
1676598101
966623067
-226414795
633448192
-472403359
1379124519
-1614403856
-411045100
1521288929
-1773182519
957659878
705359186
471276797
2125892267
2025581174
495464123
1756616018
1576961081
1249667881
2002284416
272275442
-827569520
-1527630497
-1215053609
-893031505
-857042571
-1929922774
1546588177
-503464551
1602965384
-632368775
93210348
-1311793980
2092583096
989463416
-1196974811
422473294
858344441
1953654839
806481745
-1029546593
399906868
-1785894263
144781037
1510345970
-971694977
1806652206
1422999475
894454293
-1836349554
940971316
628151855
-1849832596
-847881624
416939161
318974864
2037070139
1816359517
-2097667275
325622467
1605371683
962379318
1368707030
-2016707907
-124853779
-1168829778
-2132663380
-1596995048
966309254
-1951837663
2063186407
-2523167
-1930719414
-1522541693
-1598153314
-182020689
1237770372
-1359252334
1254308338
1354178296
-2050824907
-1873403057
478881907
1892614559
1313944340
-1135891798
290914754
-511564848
-1610042154
1528995451
-341732234
1718952720
-794847825
-1994505543
-1856756157
-402003825
765059351
185772517
-1390173351
1221635776
-455353647
1803011783
-1685659639
1149979691
-1044688088
-1288739492
228380846
-526788735
1092320123
1543323406
-530326582
-1283131152
500367100
-1628463579
-921589137
-3441480
-464231500
-2115353475
-1435690273
-1034028290
-980617270
-1670608519
-1862125194
-259217184
-1251029245
1069998903
2132960200
282633929
-1780575092
-1048359164
-870254074
-1889837051
2064004343
185027858
-161529179
-292827241
-157703037
783115112
1539335232
-1722630582
1286292896
-1275110375
1917360573
1356615173
-1031687247
563720888
1362691247
950429283
649655827
1188291850
-1003765253
1932580483
-837460131
550542077
-1010162499
1118650396
-1710318359
1498667481
888224620
811212755
159234707
686601909
-977861829
-334133552
-1455350080
1826831403
-637211198
1231640974
-1772764511
-1959626929
-844981027
-249813006
-988468551
115466204
-1714030380
1533997727
-834935908
-1668247632
-949222213
1356951944
-2108389640
1161297274
-984607460
987475909
593464537
1800613553
1712147666
-1003155286
324037928
-879417
-1242528713
-931261930
-126036620
1897138590
1044315777
158556168
-945621260
-65429702
1918407017
425069943
167260364
-1649330504
-1478352115
-129104286
-721315185
1328157311
-176184810
-138866908
-972279035
659871668
1651694621
295298317
1949480749
-706891021
1457968714
1501582383
-29661820
1121424443
2131070014
-394504587
-310890105
-1943357911
-1133496014
1681625080
-1334301833
1191699560
546344800
1402059925
-2013192100
-1482345113
-1329888863
-39722310
1119139403
-996136115
964985687
-840474752
1882491114
-1867747287
858415756
-1279582209
1875708468
-873094802
-1946869669
-790455332
-1863898247
973987485
-1729205362
-42244826
1358762664
-257290429
-673930872
963600738
198074320
-502787034
549615973
1909129188
1666500324
-1695918149
1359199583
-66059936
1975648702
-86543910
-315509133
-1741380417
618421862
-586952012
758656579
-2069344970
1000304019
-734615292
-208786626
1672738197
-379939471
1398437764
1476119293
538838236
-1663071068
-1568862814
1341710064
1029593108
-756088436
-1945512077
558247737
-1222077093
2033316298
-1421559577
1495107543
-1042277313
1861383683
314239038
158528519
-219535537
-961608221
-1295877190
-1065104410
-100142353
1406105700
-2072469866
-1550419878
-1658061460
-428653488
1077518646
110629171
-472206256
1086637316
-24291169
-445433460
-1353178378
901089142
-214597336
-1949442441
-1763084704
-1396448392
-760014734
579976152
210397767
699032893
-294460780
-1837249647
736359283
1709034268
-1440706917
1581056735
1414708045
-54092908
1352871473
-1755250173
-727629647
-554723441
675083419
-1771726300
-1794985463
1949469931
-831295256
-2134094477
1058591894
226577717
-1392199833
665660816
-442462959
-1937716041
-998166951
1192016940
1929764210
1174973876
241758695
1897705966
416902158
-319177743
-2094595243
-494415974
-684791833
1493310583
-13387912
1816599920
-879960513
-653380201
692787301
2122398929
-259271314
1334940462
1631268458
81440808
181125365
-138196182
513369154
698891527
-1161551150
-1969379764
-269649277
-1729966960
-1369149931
-1322708689
550747739
2144235030
784301746
-1281975928
-2021689477
826040323
1314273945
305036206
-484327086
308953851
-1455247356
-497318819
-867679362
-1342252223
1791378703
526666422
1904901503
-1480129446
1758645389
-1745910135
487823789
1759230703
-145779688
1065420503
-436077717
-1023123209
1196998505
-1309602670
-1972044643
1438031893
-70744854
-289927770
2142539351
1229426238
692002697
1191519292
73773270
1610086558
1708624335
1010150972
-663095629
-2101348164
1493456432
1890115860
246908757
89929691
2012297380
-1420667464
-946187097
677479587
729486710
1662701801
338065418
-180248832
2073667931
-229717064
2085546637
-1451860406
-701292859
-665943987
-552399781
565613990
2114135161
-1196720412
2108206964
1449810603
1455708511
-1088680168
-701523553
634032712
-412868200
-412294812
-2000244321
-1468930076
-1493813035
1411241189
1521109924
-790392122
-1365338650
1440666980
-1182381820
1877904822
1056797585
1173230996
211681066
488252644
-1005415771
-1649858153
85400014
1303576073
340396365
1253492166
-908858266
-723648820
263599017
-1454955087
-786635044
2106111334
-660629094
-1723506844
-232775296
-1301993592
130866653
540288748
1565078591
-1567020165
980552283
202688025
-605893355
-777539703
1993854398
744443012
-929646144
-123956325
1287683655
1358904275
1786271925
-471205597
-2137393698
884487227
-1232034473
116403515
166239082
1821009222
1738691430
-1307078386
1464413538
283559638
-61887051
-1258937225
439099812
67067497
-1741476833
561026791
1531358853
-360704867
1209463995
1767965322
-1545416408
1438703350
-2088321970
474723756
-1862736621
2018132447
1773844993
-1337151911
-258825985
-2087620882
-1936612781
1995353156
1906347247
-2141093012
-1120215728
-1102643991
526927235
-692344045
1251044355
650077685
490938509
-1773130983
1010512168
145347045
-221640988
-229729939
111644965
-397434132
-586901640
-630471616
-431776453
367579161
67037094
2078281158
-488030728
-1090178887
-1232440115
403259453
-2098065168
-1699440135
1294211873
-1618534866
1991110060
-1889488176
-1975376449
5911282
1015563745
-216686053
116050944
-134174857
-1691953948
1931803401
-677072879
1745166147
880759389
148933560
1289237187
-802168391
-1165419462
1289810464
-875450209
1573573531
-16053273
-1020912849
-670958531
1735197904
861203131
-1902243786
-1340364331
-1463101850
-440976971
746632835
1702952982
-564921127
1216561255
498427214
660578870
-1120345451
-326592719
-1738443304
185878345
-1241174343
-1499160398
-1139985967
-364768554
2123723805
-666130820
834585593
-777100633
1477069974
-1120236282
1698762506
-609540639
918250616
-537177370
-2017030443
1793528147
-246334885
181784383
-1669945429
1612465426
22320930
1181311863
-545912834
-1148504251
116326968
29594669
-1109327801
-608634820
-1954040291
-728580758
1262023977
1120216007
-1885546208
1515410966
87314389
471667653
1878064749
273249964
-873295696
446113787
153170762
2130679601
546072627
1012545318
-1489494883
371112033
152173075
1805811026
-183048015
1040411691
-712528223
1119263596
2111117625
817262944
2140419698
-1284211690
1690593684
321312422
1956160578
1359425978
1071011154
-1561405262
1645592853
701768161
-1074461962
734785461
-1798308194
-1044442683
1404671741
-1652178921
-967463963
-422975452
-1090112737
-1098456478
-660516829
-183617450
-844487212
69580416
650924016
677112482
-1533342183
1858778665
1248084127
-492202548
-1665796237
2030369430
-1321759256
1010327026
531083828
1014294906
898913736
-1105826665
1405873148
562052402
1430167205
516445696
-490287998
-297673670
1074875316
479395774
949295764
-1185205277
143618974
-698033012
-368366245
-42726846
-320733855
351703386
-1300550172
-711918741
1075292020
-290957399
-1665176357
-935848481
-1606689490
-1021136615
1819136152
-1428272574
809172584
1024868415
1959108447
932160081
-1294926496
1910495932
2084121059
1198486290
2717408
1167272074
-1719068148
348978764
547793055
1866425497
-1434490374
-228837575
-1095308826
711398042
-390838456
32087673
-436827530
953990681
-2035849580
1323002186
-1856619608
281286353
991726399
1732339702
719087574
1050148411
1246906225
-195534964
1209670649
1208703592
1352022111
-1333998894
-187537517
-207371760
-1339407664
1741960825
1004361423
1330271722
-1314745380
-508318574
859695845
1191205693
-904107530
-969088191
502576323
162163638
36301357
-451730769
-1567689239
-440512900
-1823504978
-89909692
722234260
265080449
-1263291507
-258999018
800335902
-626908645
1919550148
243264924
85139108
290240466
-909195141
175120550
1004881129
939752571
553184905
-44075119
1381265273
-1495142779
1268491834
45396405
1594248209
2046923410
1963590482
2025653538
572857918
-891445943
-2119515310
783224460
220537411
946267754
1514849529
869813379
29538879
1794865442
1839264781
-750085658
-774649457
-1865001569
-532763302
-1564320871
-1639390608
734083047
-44835077
1909806453
-1436472855
1796962277
-1554093865
-1828365696
-891415065
-2098833723
-2091875986
441535581
1714579881
1522027904
-13491499
-1483596282
-998632354
-1015140166
1929233407
2107166135
-625027573
1779056075
1740169789
-1931638227
-1763193166
-1814141670
298655495
-1193314544
653286320
-1935645262
11466236
-1386756948
-1729829018
-1971614194
-886354137
-1151725849
938118940
-811780553
159740291
1235695471
260096801
1547061008
421730752
-1239994574
1064977718
-1606589712
-48449209
458318611
723331371
466781041
2145657212
1028833242
-760235062
-1445060473
1418993474
331055467
-1162710028
-2020395820
-291517757
-1580318406
-177909238
-568544455
-1262448784
1554839550
607736206
1194607024
-194105273
-1879578972
1840566537
854150488
-300135341
2059246214
1801196590
1237109713
-1674762375
837451996
1486701631
-2086191671
-1623082128
1431944562
1372689071
669238999
1854625041
-393201509
526082568
-877367673
2051228112
-213510043
-419194610
-1929322827
229724554
796006669
-1690926044
-1577962722
628240512
-305301323
786622703
767798835
440065443
1711172179
1808019513
1982424880
1885782289
-134069268
-502609385
-1054128787
-1787681057
139451394
1105473612
-1838949132
509288984
1522387531
-1416221968
-981991341
-1057022970
1488945059
670513996
1268063154
-685010001
-246978238
-1287106296
-1743672025
-1870868062
-1697934543
-1642975865
506228296
-393374733
97353209
-1259660910
-1935932671
497481347
-954393698
-1221603021
-1402322520
1632639876
1746544587
1610926563
1018390606
873551931
263606094
1117992679
-1248668840
-1195972088
1009638085
1028091894
1057753421
-174360669
-1567371111
1934401055
643313648
-1539120473
1235862059
-514075927
-772981103
-854446764
-666191795
1683156411
1410695583
-159811440
137622260
-957746306
-901561470
1622236719
1668116523
1365490816
1303752359
1635593075
1077898825
-1006560101
1170291931
-92815402
616652134
1455155605
-295745571
-1064758266
-622726134
-1321106486
869109549
-394351312
-7382233
326812936
121620266
463569025
1721869641
-2090239559
-969767589
-1412953367
1754858763
-1761490873
-2028986868
-250896095
-362514740
-903337285
1070417693
1748253679
1904005539
-1738350937
-13855723
1885226152
-622103665
1096281926
1689591677
-325966346
-1047331598
354368993
1197077867
993895643
1787023168
-469619597
76878684
-704952843
1150108403
448319120
1251086663
-267107581
-170407742
-1160854398
-1255028754
-974269273
1449355793
-1395120972
946964598
995808365
67722410
1908479827
-665470662
1591147275
-615080531
1879640113
1881205723
1816215274
729860037
-1687907603
1973272731
-1090578715
34969756
-11563695
2060659435
-1848990384
806934928
1774900218
1172302657
2114588475
1699454886
-1726497474
1429426735
-173112330
-627894594
-1879222711
-1960402767
-981616424
-517714936
507629193
408656326
1653660988
1551739830
-255543988
-176547519
-117421364
-1198643725
877456806
-869284896
56849921
-1896534253
-1176011624
-504224611
-2025790743
-1790570741
-1176332947
-835400892
-771612117
-34851806
-1925019545
-1228259259
-390325688
-2064286488
-1555794021
-1052778037
2069635363
2095230311
1667036697
-59638260
-2050053693
1424851864
-1033964209
1805041378
1471973974
-180936936
-447109970
416529050
969416312
-1790398437
-192796787
1113275916
-1778136651
964403616
375932238
1061921771
1827642956
461222630
-1375504450
-1571009186
14953525
-327633890
1192754113
1024004047
1269611621
330095201
-498481106
-542757886
-713851824
-171450652
1999474423
1188307560
1967545775
-1892524695
-721015667
1718352052
-89936253
-1859115528
2094999938
-764296018
-1729516199
105346510
2006659695
556044360
-1988846130
-1053930602
-2103989737
-752882962
-605347499
1908165334
-1812678196
955563042
-34547657
-799874389
-1365015535
1709452103
-1871474981
2031397817
743595392
247509180
-1723368633
-1738526372
308883438
396796972
-1207218458
-1332635102
633760716
-58794973
1972707467
2035409789
1359948752
1951609573
162886325
166831284
-1989447981
128320635
-1943152108
1169722651
-944665604
2071656973
-1215494068
1777471875
1720861982
785430135
2004500216
-317522701
1669929822
-332384235
-65638671
-874850153
-1502950887
1710228449
163153871
1477402360
-1129968636
387345856
-1950958673
2074046061
-269939052
-1515744744
-365249738
-1109512495
2116040607
182506661
1661152726
-1235329419
283713858
-1414727539
1256122959
-1258227112
-1629556731
2092508593
249213817
1883878805
1070819133
725905221
1878424895
1698624540
1884970929
-1018646622
2004581870
373439652
-280787840
909430106
885755823
-1951836704
318274113
-1738687091
1812375122
-525368592
-613165972
-1748183174
-278176436
1960416026
1910996215
442977624
-1474043390
-1268860743
1869574724
-1261183386
377536072
-1395434635
-2103967943
-1270802880
-776517853
-1653450317
-1639132752
1149218164
-732843050
-415994545
641241874
654958421
-119856868
-1481857144
-755833026
-540423922
1110574257
-1919141829
-1244334674
-285334023
2022692119
916386900
-1490362148
-172098255
1610410390
1970622337
-201666590
-1584327579
-1294739837
126336295
-1459589536
748436463
-77084219
2039131289
-653916511
-1338128348
118860692
-1242983289
-1817011712
-1729639443
-1556084860
387105204
1903598472
818604182
-1909325374
-215687957
129446106
2092812006
1927666844
-1189454797
-806216365
-386232977
-1687170490
-1600236735
-74269843
1930225702
-90814758
276387629
-422401947
-522160843
-1104374112
-1556321944
-712571362
59288335
-917109617
-1313137170
-144345275
744000453
69897492
-1773834057
1549416885
-1653491304
630169873
900005490
658178843
1901576398
-2001531609
2062062709
1941472221
-527586616
1370919224
1145326574
-1238715337
-300863916
-251728857
553362526
-420327513
-320335552
1384210401
1169051976
1105994379
1730776879
1385623969
1287106341
1528368647
725014959
-1936922001
-287566950
2120738348
1936917897
614357993
-1937871636
-541290922
-1594099365
-1216697019
-2075401037
-870189099
267071844
1228502165
1223850445
2076894926
1824418975
-1797513139
2001913237
543138147
1140168466
-259902206
-655597483
-2108363503
2012513639
-1854069900
-163079944
-991232422
-485730885
314374862
1242985475
1899576995
-981890635
-136348885
586294726
-1885991842
643902938
-2084615076
507083726
-1711810197
78160416
-1560716056
-437786211
1407142843
-299313216
767208787
1954819228
-617593802
980883536
814287779
-1061110960
2069491679
-141907440
-706903265
-178818100
1066157876
1663559043
-1970305959
-1806877338
-474243110
963547201
-377747089
1583452589
1830368377
-395144949
1069824653
188293274
1538377445
-408727264
917722805
-1139670012
1850851453
-1455989042
-1961630526
1019426393
1507882200
1360471371
532181161
883966090
-2074449251
421187013
444356866
645223239
-743649615
-350446154
-867864378
-929087636
1613919640
-1348311427
-1646823078
-821689926
1807027988
1626724906
416725196
-1835543094
1457221650
2007816601
-429445029
1070466109
-1978132794
1814040513
-2018887876
-505159624
-491172588
291466829
-399213157
91990031
1391365425
-1894162580
1135786975
-1819329
179113098
-505233179
1049858610
-1813125214
-644378396
-1986331539
1508990016
-1855219747
363590596
2106118460
-312541890
-1134469860
1639643152
-2105433379
-1444485075
1270350337
1205163509
-1841929915
-121903009
1616446681
-115138293
1893621287
-1307611590
605380368
1145629879
-1188453498
360277051
-1360211994
936399569
1122606987
1234817085
947035747
356499590
-1602733672
610059515
-2056780152
2112335230
-1630362468
-1932695597
1853081030
-903241408
-304184663
1659702988
-10388812
-1721783595
-559600189
-1110459686
768265211
298921643
364526073
1016033888
-575173996
1468804796
364872889
-1615052811
-1444854987
885551343
575300960
1862719850
790229768
686565310
-2087529711
-566217972
-434318434
1520435480
277779399
-978812122
-1878298078
-1478836344
-727201620
1747745225
-12024367
313180565
-111187030
114798798
1803893161
-2063197332
-132017598
1068472347
1273814368
-1353701700
-1231386211
-811965914
-525979241
382577889
490282976
657044663
-1801403569
556732228
360427204
22618609
1427638939
-1964371456
-1586840732
-1110659694
-56803177
-1517081399
-260227239
370926201
1192501400
-2080340471
1431301891
326777960
840829092
-906036149
-1134948055
668330507
-1523438300
-1090264612
-2090878012
2006068025
626578392
-53719377
755665431
-1215115400
-848639478
914697345
-1861279741
1252169926
-736785914
556097853
-1730736488
1234601622
1475855304
475380640
-401871377
-416527080
-1355727625
1658357280
-1462124490
-1144881987
-33801198
-333650935
311161355
1240276474
-1097469208
-725066519
-1215722482
-741227189
1058970701
-876398034
-1695913551
-27106438
-277790454
989502221
-148338351
-482453984
-461481963
1758814884
1275971978
-126518164
-407652863
-1081645982
456107974
-2032053213
581926839
-2076151130
-447753193
1887724263
1361253478
938161062
-921588154
2023780283
-408542537
1745477778
836894764
-1959243579
-846635707
243094264
-2047899329
565858646
-725908916
-1796930455
-1192743057
-1831046105
-1396004192
-636689315
806873394
478418405
-2143874081
264775763
-389827363
-869878800
216783337
736524860
1416376630
480893790
-586853488
-639424231
-1253528762
2091156549
1129580172
583286754
-654002830
-985375431
310798001
1201252010
500669388
-1925330157
1305662563
-546655745
-2018621018
-866803468
-1583444407
493012118
-174754712
1333777545
-1858762176
234088232
-65331293
1803465359
1869769106
-1817150826
-1791242651
1352816537
1517616231
1426810963
1524692430
-2046791407
830015611
-1522502398
-751074077
-780629380
1858488080
-1566795427
-6384222
475622145
-1043476954
1433961817
-1137992875
1858094891
1981307113
-71978617
31629867
-1642935571
367797099
-290413891
180253699
-1048494106
851987859
-1415494667
162379403
1787712487
-314640044
-1836287372
1270306441
1131299761
1217828897
1819826222
1839846520
1508339202
-802284641
-658075544
-275102122
-1887792430
-869859940
1773081247
-26139972
2000241369
-1550625985
-1559302232
1225795886
722813781
-208314495
-883036904
863894452
769387017
-406759205
-1092654363
-1673970263
1622979976
132732480
-817266867
-1482798126
191538611
-1249470642
1751608566
-261627470
1490819199
645045183
1391122262
-201048037
-526045445
-1361723867
1139890516
1258137864
-1977287023
2019050966
402285103
38683818
2071859851
1677599780
-312247137
1466221504
-824770087
1172623569
-79731655
-551529685
1827151120
564001217
-809595625
1163900097
-391677770
-1302791695
-878313033
-265776799
1295308732
-1229435993
-1866745053
-735487930
20658763
-61904405
1843255122
833175456
-1172958013
-2053581515
-18066994
371145312
-1050381568
-704958617
2130911894
-924715181
-644576290
493855485
452781893
1978678642
-308901633
-942995070
-1223394702
-906872457
-2054322485
-1378974395
-2030166694
-343306061
306319543
-1757707699
-499705924
-1995485922
1669963210
-529378679
1624568324
473691823
-1358245539
1524750667
1712041387
807890414
352224290
151124471
1328848861
1456692167
2081020262
1006222839
-292171173
-1689498976
1548608666
632120817
1388580514
-107299668
-661806321
-452994500
209188685
-1350642815
-1961669120
-556388721
-1085221961
-712614680
789203157
1143155963
1149628900
2025216243
-829214810
-1892934630
-1691237728
-1895936683
506186237
-1751698296
1324356584
1564277229
-144906785
1625782674
-2059727479
-771538269
-2093195507
-1324291795
176739335
-1648663945
695326343
-1207224534
736490944
1822931927
374398545
-50821210
-152631729
713939504
2055445880
1960369350
1385040949
135755974
619524183
555363236
-563698506
-1875074360
-467973866
350243972
1541800448
1168588958
470996083
-169919926
-1219876974
1580312198
398173892
1549096240
1392904411
2057762910
-18123460
878353587
-1451332063
-200968510
-1286561939
-57338674
1991623588
586156377
-1686008563
1924254314
-1799145725
318610028
209560572
-1610274028
1557382877
1735006136
1262033541
-273898512
1765419195
-359256956
1235036643
-558449683
-570644180
-1023407884
1358587143
1031150905
580807217
-1741632865
-947701864
-495500809
466854875
-440444320
1933627707
316127279
1017563954
994235241
-615186156
-331796218
512672601
1931200413
1149224331
1769590574
89423087
-795020003
-670591918
2147379359
-1196906569
496058659
-1466982745
-1762480250
1211128442
10882063
-547908138
-1213303170
-1713777365
-283233601
-1978354686
1034847229
1807270220
-308063965
1850477859
545433872
-1128557424
1129323023
1595042898
-906358966
1082259906
-664283054
-980008636
-1846414855
-1531550747
349990152
270295571
-1363528037
1875586971
587554604
1180738884
-1605986160
874378954
-973090703
299341829
-1130734576
-1383466372
-765957295
-1671506762
-1471693730
1016907526
2015207013
79543722
-1111783107
-1876003220
814332151
372285486
-190797917
1313944835
1549384917
-78347319
-147953236
916581464
-1679885976
-580245051
686813649
-1270990768
606520324
-1689583378
1354896729
-1287517552
-562765440
-674033255
-240618993
-17719266
-570264311
-1439750681
-1427002572
-1998934712
-1531148237
-609308086
-215088713
-125705276
400195664
984433224
1509604259
1692415768
-908716795
-1994429057
366481112
1598391100
366189593
-1685350168
-731479299
-1469286019
975355536
-1963521953
-1748762956
1323693987
1231874808
1574175842
1653601296
1069559125
497555714
965089304
-1063165885
-776981572
-96882093
1138600853
66097819
-1102382233
-719407972
-1707311524
-1360925009
-1371229074
1051418855
-1356282331
-834789931
-1283713831
365300788
2133652959
2029478870
671686978
-123345596
792621303
-1046279452
-1294115912
425182131
432385754
-930538805
318602470
-2032642996
671519417
1822150503
-1740956812
1756640920
-1404044405
684425814
1305929132
1091821496
575000664
-1052574739
651841888
1092769396
638127283
2086887279
1870784011
-1558504301
1026920839
756426364
1090487606
-180561556
1575337494
1920917446
929977629
1050909117
1684542783
1534960907
-1689767534
-202983238
1347646207
1578007614
440846112
713279081
1634375225
178329607
-40321934
1356922668
1015546553
-2058900626
385191414
-1438177121
-1663598730
22201554
-643760196
-1008998492
-1103973097
-623156193
-635876956
916644795
1724559544
-2078556097
1027170744
337464214
144723693
361394129
407570646
-461074708
-353774842
-1632442088
-317031022
-803839603
950283924
1174506805
-237504166
1706384310
-2005746388
912831128
-1028564006
25349030
1255700586
1579639476
617654432
-2092200848
587327544
559005425
1041382147
1206580755
-1543023792
-1740226329
-862989247
-10208569
620950526
1832536520
-1689524249
1688454553
1104098602
1337701660
1880803957
1088384569
1492990869
-1733533004
-1600281023
-861563374
-1714143389
-1474827304
721246875
152601243
1932425688
-1080887358
-917395151
1171556588
-435115162
1389814608
-830253643
-1194008940
556105191
-1539067916
1732123580
-292281431
487999270
-551719442
-210657559
1457715743
-1186009181
217683389
-751912630
1337998941
491979159
1109656786
379636737
-1608272627
816194613
621449607
-893848026
1113932339
-1565882574
-1304860082
85677548
-436732543
-788790649
1885451309
-1472415742
-2083407896
1979117173
-2121851799
245455163
1699530354
1183184841
1728598401
940809840
-874830258
-431852447
1627494237
-1347164508
230641196
-5833746
-37229881
-1942955158
443564235
63719674
1462659098
-1500912765
1704178895
-2044418516
942598456
1437834186
-1160616489
1160408011
-1045819711
-1332708780
1417142991
1832538496
1602365569
-97648685
739274114
924489823
-342380247
-2141643974
609009522
-1405333208
-1587195583
-794647642
-1214461973
-1747696951
509910365
-703132548
-194005163
-1044564697
-1471937650
-1334134834
1633226
-957504483
-1786143717
118393602
826184424
-949543228
918933873
1123461557
1001395431
-1020930316
1765020503
-1432913188
1590664429
-1292163829
-287897243
1440439340
513495712
128320492
1459681462
-1785354309
-1424484099
1562954058
873484508
-1000476697
-1280776601
2055970342
1261671444
-947350154
1224411651
-1959822443
-2004414790
1771052031
-2115964350
1187884999
-1340993026
1855250567
-1963308866
612118340
-632248872
-170977682
1738635082
-338741641
-732830151
-1305923956
293857860
-239796368
-146636926
1861684374
-2067028948
87068645
750648889
-2044678458
638973562
-1092295815
-1011292679
-1721947205
1725723563
1303508544
-796867670
1652894365
-1984794980
2126082946
-529617166
-2049820284
1795857180
674827455
1388048107
1582474778
-1839356997
419740915
581940758
120568958
-205272856
-1974764517
123218318
-706834325
1889590586
-487250185
-1586485376
-533613415
-1608305907
2073075472
-734625574
2009367650
-615821487
1538615036
554867266
278848425
758871454
2116828896
-349329335
1299880183
753623434
-1402567371
1457978080
-956193306
172867903
470048719
746392586
384778690
867845447
-1767509733
-726907437
577985132
-230139479
-2059133528
2090840960
450019201
-1846289350
-250501656
1805586951
507272124
237397036
-1532127178
195621825
1601052824
-1848316182
-1921229030
2111761245
-1219852231
1024132648
1317859276
1737814551
438948236
-1111903435
1757666550
70548778
-1715447124
540136339
928928190
909571715
103136647
1645650632
1350252803
92441782
1797165761
1913556342
796464357
-1632661963
1015348952
1548067241
-1092924789
-596917314
332033416
20328560
-1185815008
-1114341867
458170224
1046574254
-1985275107
-285783309
1089629684
1626034993
1881539789
-97221314
-1039603355
-576092157
621964046
1799238777
-1240222369
40359168
-585003180
-1230966915
-1385773198
-702020184
-1484241421
862697065
-341709820
-214049738
1230167964
-1620641834
96122229
1804876785
1884268328
1654273359
-426526332
-295033663
-755173484
-752682241
1174388977
1957385220
1312042572
-1151918420
718654818
-957243742
-1927610964
894925284
-73066102
-1418110882
1215882179
-539520139
686192519
1948540015
-1205417639
-2093880287
-2122665589
-766735537
-1205138125
1797776018
-1927556930
819974610
863272852
740778635
-1033802141
-1706226311
877335047
-505425056
1700164409
812278279
515194716
-2087519832
1117841699
502453333
-276992017
-131743696
673366794
1690451554
1131601455
-1681908687
-385564926
248770734
-1976189090
-636845883
1183499947
-1283877689
1184281749
-32860777
1126396377
1803887907
143509515
-91740966
404393847
-1082520016
-766674282
2130605180
1248909480
-1350120279
-1891981968
1823309466
-1629933010
524918059
-522570690
-1600013002
33431567
-193457912
-950928562
-239043290
-684175499
1890229337
287976992
1347546191
-1626776875
1762292057
1288780327
-1235134701
104606804
1001471217
1983646160
1356810503
1354670693
-680552306
1478030275
804816105
-1101112650
11027770
-1565795736
1288701904
634177356
-1304722454
-422690900
-1426486363
569176556
492773140
-906604284
1609907409
11506109
1140128133
81014705
-507209929
1072191274
1874540144
-1320879802
-491020699
97620493
718163657
2052019303
1664148741
1184994825
-1129928749
-774535726
1692538777
1894220087
1061191416
266686883
-1492517273
-1382332156
-340377896
2135829715
276834993
1227305304
1635946915
-827686143
1846133545
1718555131
421577899
479270005
562439075
-29618636
1863799092
493858912
1914258444
-1699110222
1491181198
1776340840
-1189012838
-1843712592
-823439003
1633800804
2061659460
2068796755
-954155945
-1083709084
397198964
-1776750506
-1749203513
-735189261
-1577287429
725308648
725210864
-1753906273
857546565
-337497644
1372235837
-1776626247
-247635507
-548710942
66911958
604045656
-1291202350
-314898051
-1174753410
-1630837596
-1929794230
-517349739
1292008091
-884554672
-1765442281
1470438086
-1174301290
328875112
1262331512
1128865721
-1372850843
1334835532
757780162
458192330
-30003611
-1228800773
-263655346
-1189061397
262995308
376927380
-1861657675
-151910457
789827102
-1765580262
1205278778
897443114
-1103834497
2084413047
-1872996473
-1669948513
-643661878
-507807805
-100732772
-1494246566
1679000704
1610444741
-1078651388
-191796648
2134870979
-996417863
1236450121
1753484996
494166500
500465235
2122538409
-106218596
444616249
-1971904252
-500489207
-1016716396
-687360460
-61859461
-601519575
-1933633990
-1540792912
-1001187730
2009533208
739593050
-139077490
-1431210343
-1595244822
-1727168349
-931921536
506681606
1210720169
-1136898678
255167012
-841290353
963602825
-708357779
169605204
-1437742687
1956923998
-932667396
-459299652
-1040693950
-435989422
1997672404
99585708
-677698476
-919869486
1461997420
-916842194
-1489760230
1526368456
705160244
1725695323
-46816005
-1049308401
-1389070341
-2047590934
-2012473210
-233061853
-912975728
1605388297
1614265270
-2064760808
419319212
-1882296977
-401154698
-1466880051
1414867214
756020145
-569585306
565274209
-1521175320
2007430357
1380720351
1745307620
-841915271
928034084
-244966347
-2052392111
1647340282
-1436134844
-1910343109
-2065471044
-540861250
-381958267
-1673165813
-1802928953
-2146124140
-1362836614
-82569466
-289648550
1111189359
904805068
-573532391
1077562258
-1859987383
61023306
844915522
1266570489
735211075
357624387
-1092776366
-1191209480
-518155504
-1540285161
1996546036
417694089
1296060308
-203212021
-1402183187
-1586949584
-69212985
3842397
-1401487964
-80252117
637636319
802290328
-880939547
-1313240856
671602350
-399065559
-2072442655
-1821963082
-773253816
1117033777
771434105
1568878527
-774369816
-2047756132
1423713979
-1844709066
-910048749
596286577
1419664556
-578497588
-1601051650
-68387733
-1904647865
1071119975
1935772460
-984375863
907055814
1997657109
919211867
-1362404766
511427615
1601445694
-942658144
1289439483
397205713
-108073959
1819925456
-1922165028
463833311
535793249
-933007838
-967580000
-526653156
835571271
667874066
-443856819
22959017
-768970582
-168629881
-1449582940
876174524
-2108584316
-671369929
1944651193
1654423458
921071527
2139452746
1958022853
-1930063866
-423240534
-74833603
1754064186
1861974899
-2040062947
1746538505
8499479
-987422953
1748176643
166940035
142428797
-594463287
-976478079
1970168326
-123694462
-143613364
1857617106
-1904381874
1877869893
-917202475
-1718664323
1407503782
222484802
1691775690
1826269386
1084389446
-1192083481
-282649652
-2016396687
-34861067
175872871
443580151
396671893
1820407030
1947057613
366171496
-2007479312
529166625
-32078509
1701850879
-1103573426
203099983
-247502348
110277221
-746601921
-521239301
-97726401
-1073587888
1518830855
-2006953435
1365194093
1693199621
475999705
1025997689
-806188875
-972208354
-1539081916
927793841
-1192671777
-1191306611
-973703187
-865664714
1400251671
-319108896
-967379842
1385711885
1183872003
-1484453947
775144670
-1284591631
1447848983
771775185
1449556642
1354262715
-1590552025
-869161604
-586930494
1007357706
-1939690691
-1902683792
-718658417
1077758239
168112812
-350239486
1087905764
1958618120
-76464795
1998013952
1302842012
